40348.3 29144.7 0
4099.93 23940.1 1
13208.8 4324.94 2
47896.3 10099.8 3
26816.2 56866.7 4
60175.5 45848.2 5
10224.6 60935.7 6
43069.5 4751.27 7
16837.3 53850.4 8
57887.9 59083.6 9
35449.3 36581.4 10
20686.4 7677.4 11
17530.4 25319.5 12
7088.35 11170.2 13
9635.12 29483.7 14
47111.8 59097.1 15
27198.8 15064.5 16
10210.7 50166.3 17
60166.6 17976.5 18
53762.9 42276.2 19
30480.5 45020.3 20
39283.3 17967.4 21
50913.3 48696.5 22
17029.6 14258 23
10289.2 16705.6 24
37519.1 43954.5 25
9648.6 38390.7 26
33107.4 8583.8 27
19659.2 60383.7 28
54846.9 13702.7 29
10775.2 58388.6 30
4725.37 54020.8 31
44173.4 45702.8 32
56084.3 35245.8 33
50926.4 23406.2 34
30122 21218.9 35
17581.4 8200.73 36
59555.9 51744.9 37
33643 59070.4 38
59645.8 8980.43 39
35707.1 49932.8 40
45245.2 26101.4 41
60241 27570.4 42
5090.37 42442.8 43
23204 44859.2 44
42903 55096.4 45
43683.6 34812.3 46
25553.4 28055.6 47
13800.6 43536.6 48
15849.8 38090.7 49
