53920 42968 18
52019 42206 18
52570 42476 18
54220 42081 18
54268 43420 18
52288 42408 18
54436 39727 18
52391 44323 18
54995 43655 18
53761 43403 18
53769 43786 18
52883 41365 18
54448 42846 18
53358 40498 18
54626 43461 18
53751 42326 18
52714 41735 18
53545 43025 18
55281 41180 18
52522 42088 18
53825 42358 18
54951 43538 18
55113 40262 18
53366 41560 18
52425 42226 18
53729 43219 18
54658 41295 18
53236 44502 18
54569 43519 18
55192 40969 18
52661 42382 18
54389 41903 18
54931 42810 18
55003 43219 18
56382 43858 18
54258 44302 18
53785 43039 18
53844 44271 18
53568 38856 18
53300 41958 18
54027 39799 18
54307 44020 18
52648 43224 18
51953 41115 18
56370 40191 18
53655 41979 18
49832 41548 18
54146 41202 18
52375 41772 18
54484 41591 18
51271 41252 18
53894 43780 18
51496 42107 18
55580 41750 18
52235 43593 18
53009 45720 18
52895 40396 18
52314 40370 18
53527 43264 18
51552 42936 18
54356 43953 18
51788 41827 18
53644 44911 18
51526 41555 18
52460 41243 18
52790 40829 18
53560 43487 18
55317 41567 18
54211 42145 18
52736 43734 18
54220 41543 18
55487 40680 18
53164 42365 18
54372 42125 18
52296 42854 18
51853 42724 18
55470 42381 18
55843 43461 18
53041 41762 18
56020 44948 18
54572 42044 18
55615 39213 18
51784 42659 18
54678 42358 18
55264 42101 18
53628 45140 18
51676 41313 18
52069 42197 18
53695 41876 18
52425 41797 18
55562 40697 18
53371 40882 18
53015 43465 18
53484 45006 18
54684 41479 18
52344 45540 21
56100 40476 18
57237 41749 18
52220 40576 18
53611 42444 18
54594 43850 18
51844 42736 18
53038 41204 18
54636 40466 18
52845 43435 18
53530 39504 18
53417 43154 18
55258 43614 18
54519 43642 18
51681 45290 21
49313 41972 18
55194 44097 18
55109 41603 18
53142 43422 18
53656 41913 18
49901 43636 18
53632 43440 18
53989 42372 18
53334 41711 18
53446 41789 18
53340 41575 18
53856 41857 18
54385 42851 18
53719 41851 18
56661 40693 18
54461 41699 18
53281 43550 18
53105 43114 18
51737 40814 18
50511 45158 21
56075 43071 18
55576 41873 18
54356 42479 18
54014 43208 18
54239 41432 18
56462 42733 18
53340 39854 18
55692 42420 18
55367 43043 18
53716 44044 18
51634 41676 18
56679 42675 18
54172 41958 18
51823 40542 18
53576 42596 18
55265 39986 18
52639 41267 18
54347 42795 18
53612 42060 18
53398 43770 18
49899 48712 21
50062 49584 21
49344 47683 21
50670 46231 21
53288 48577 21
52169 49412 21
51152 46601 21
50763 49169 21
49126 46607 21
50904 49470 21
50881 47814 21
53902 49665 21
50462 47490 21
52624 50362 21
51021 48653 21
50826 48127 21
51805 49498 21
52195 49730 21
53579 47959 21
50801 48595 21
51406 49935 21
50128 50181 21
52315 49319 21
51436 48575 21
50422 49794 21
49230 49949 21
50468 48101 21
52922 47579 21
50211 47660 21
50048 46949 21
51858 49406 21
51096 48445 21
49520 49471 21
50393 50758 21
51586 46956 21
54046 46829 21
50415 50077 21
52875 46329 21
50095 50565 21
50470 51527 21
48995 47894 21
53082 48779 21
49852 50340 21
52092 49784 21
50817 50224 21
49486 49476 21
49049 47984 21
48535 46223 21
51012 48233 21
49587 48428 21
52464 47550 21
49969 48068 21
52681 47241 21
52638 48501 21
52221 48520 21
52812 47526 21
49778 47221 21
50719 47508 21
50193 49198 21
50687 48010 21
51946 46605 21
52617 49342 21
52617 49460 21
50676 47882 21
51860 47899 21
48536 49021 21
51504 49603 21
51653 48685 21
48525 47944 21
50002 49200 21
50184 49458 21
53053 49269 21
50042 49853 21
50696 46255 21
50300 48715 21
51437 48623 21
51379 48160 21
51144 47263 21
50876 49734 21
51413 46135 21
50533 49789 21
51135 47611 21
51320 49118 21
52559 52735 21
52221 48011 21
53397 48783 21
51245 50137 21
50507 50951 21
51487 49624 21
48837 48575 21
50652 48996 21
49663 50428 21
49419 45147 21
49601 47857 21
48350 47100 21
48039 50185 21
50893 51127 21
50739 49679 21
52081 49489 21
51496 46588 21
50435 48231 21
51497 47766 21
51939 49800 21
50580 48511 21
49809 50064 21
51722 48853 21
50358 47959 21
50638 48026 21
51885 49564 21
52500 51313 21
53006 51319 21
50172 47860 21
50014 49077 21
48904 50964 21
52581 48207 21
50885 47744 21
51145 51511 21
52560 50814 21
48720 48943 21
50949 48339 21
47763 47492 21
48093 48847 21
50277 49607 21
49807 48319 21
52226 49015 21
52224 49464 21
49725 48980 21
50350 48070 21
50925 48541 21
51546 49680 21
51152 48744 21
49375 48754 21
49329 44378 21
50618 50504 21
49498 47624 21
50908 47596 21
51427 48795 21
53081 49230 21
52021 50652 21
50696 49628 21
51443 48057 21
52385 48925 21
50587 48838 21
48529 46961 21
50929 52530 21
50067 49584 21
52239 50403 21
51380 46816 21
49541 47532 21
49049 50053 21
58870 45226 17
59374 44507 17
59253 49893 17
61300 45277 17
61653 43778 17
59953 45389 17
60861 44796 17
61930 46257 17
58671 45183 17
60593 45861 17
58420 44781 17
61855 46137 17
61133 44700 17
61112 45484 17
63134 47142 17
61235 45053 17
57496 45405 17
60372 44439 17
60705 46366 17
61213 48245 17
58256 46216 17
59183 46253 17
60289 45788 17
59207 45335 17
62701 44788 17
59882 44607 17
61121 48956 17
57415 44881 18
57903 47229 17
59331 42999 18
60571 46112 17
60784 47752 17
58268 45701 17
60763 45925 17
62447 45235 17
60465 48014 17
59590 45610 17
59217 47651 17
62097 44621 17
58634 43703 18
61102 46312 17
61878 47010 17
61314 45663 17
60249 47899 17
59325 48978 17
59029 43137 18
60709 43461 17
57817 45498 17
61299 47746 17
59362 45997 17
62307 45105 17
60231 47183 17
59998 46912 17
60739 45570 17
61708 45883 17
59066 46619 17
58730 46803 17
57717 48281 17
57203 47382 17
58348 48287 17
60470 45476 17
58924 46965 17
58862 46266 17
59400 47672 17
60414 45052 17
61598 45003 17
58813 47990 17
60992 44265 17
59974 44364 17
61145 45932 17
60710 45087 17
58694 46824 17
59850 46681 17
58608 47945 17
58911 46230 17
61417 43176 17
59191 45551 17
58485 43415 18
62141 43026 17
63370 45884 17
58197 44714 17
61331 43082 17
60972 44250 17
60424 43917 17
62171 44736 17
59684 46141 17
60644 45680 17
59411 48115 17
59823 44185 17
62181 49244 17
60035 45759 17
58759 46105 17
60797 47826 17
62939 44089 17
61491 48260 17
62262 46903 17
59795 44489 17
61395 46119 17
58232 46796 17
57976 45578 17
61077 45880 17
61777 47582 17
62496 43916 17
60479 45423 17
58601 47656 17
61032 44031 17
58181 46222 17
59356 45572 17
55896 47225 17
59692 44645 17
60897 44915 17
59337 42941 18
57962 46260 17
57813 45740 17
59822 47324 17
61761 48521 17
61106 45858 17
60987 46482 17
61157 45321 17
61543 46490 17
57516 45058 18
60514 47708 17
58018 42944 18
62275 46474 17
62269 47075 17
59431 46355 17
59818 45806 17
58318 47500 17
60973 43825 17
58218 44486 17
60205 46653 17
60403 46465 17
60188 45957 17
59305 44215 17
60642 46219 17
61794 45089 17
60606 47553 17
61284 45441 17
61676 45255 17
59277 44809 17
59148 47748 17
61285 44544 17
59927 45471 17
59855 45241 17
62672 43501 17
61648 47644 17
61623 44381 17
60987 48401 17
60802 47068 17
61971 46440 17
59182 50285 17
59748 52499 17
58046 53129 17
61496 51630 17
57852 53639 34
59985 54614 34
57490 50448 17
59352 48444 17
58417 52216 17
60418 51972 17
58854 52919 17
60774 53105 17
61213 49916 17
55095 52085 21
57194 52148 17
61975 52117 17
58438 51888 17
59017 51283 17
60119 54375 34
59899 50243 17
62409 53289 17
59807 48360 17
60373 53833 17
60248 51796 17
60684 53227 17
61369 51251 17
58147 53037 17
59753 52591 17
60652 51129 17
59461 51341 17
58158 49589 17
61310 49722 17
59200 52802 17
59593 51890 17
56593 51088 17
59163 55436 34
60981 52675 17
60806 52983 17
59334 48886 17
57234 52296 17
62246 51019 17
60982 50994 17
61562 49999 17
59552 50865 17
59088 53114 17
59087 49401 17
57564 52301 17
61744 53939 17
58386 54126 34
60678 50751 17
57622 49400 17
60525 50455 17
59770 52990 17
59152 52109 17
58007 51251 17
60072 51501 17
61512 52776 17
60005 50898 17
60165 49050 17
59865 51003 17
58335 50170 17
58052 52197 17
62430 53034 17
60343 52190 17
59949 51416 17
60403 53557 17
57196 52798 17
60011 49886 17
57242 49888 17
56580 50897 17
56608 53024 17
58583 52766 17
58547 53001 17
62336 54289 17
64691 50948 17
57681 51657 17
60945 52204 17
58014 53809 34
61347 49963 17
60564 52271 17
59474 51569 17
59922 51370 17
60617 52220 17
58855 51176 17
57548 53060 17
57486 51799 17
62641 51926 17
59666 52447 17
61682 51161 17
58859 51826 17
59471 50576 17
59316 50743 17
58702 51112 17
58906 50218 17
58633 54156 34
59252 49744 17
62330 52499 17
60574 51754 17
60484 51739 17
60563 49392 17
60013 52410 17
57890 53523 17
59797 51090 17
58670 51762 17
60313 49557 17
56378 51069 17
58622 50401 17
58860 51752 17
61255 52264 17
58647 53533 17
62442 52636 17
61004 52248 17
56054 52169 17
60445 52542 17
59447 51355 17
58059 53563 17
57587 52335 17
60038 53227 17
59047 53225 17
60163 52927 17
57061 49822 17
58286 52031 17
59838 50740 17
60235 50875 17
59972 50086 17
61787 53406 17
60086 50479 17
59818 50359 17
59427 51337 17
59379 48500 17
58801 52767 17
58936 51829 17
58176 53199 17
59128 50589 17
59307 52419 17
61265 51193 17
59533 51023 17
60657 50999 17
57791 52937 17
60801 50837 17
60502 53335 17
60320 49012 17
59457 52582 17
58792 52100 17
57652 51718 17
57388 51212 17
58281 54245 34
62349 52922 17
57964 48880 17
59620 52129 17
43478 45608 8
45419 45927 8
46656 46590 8
45018 45803 8
43759 44307 8
42188 44864 8
43054 45478 8
45434 43766 8
44946 42258 8
43835 45332 8
43462 45636 8
44202 45854 8
45537 45294 8
44871 46713 8
43519 46607 8
45255 49117 8
45792 44032 8
43714 42881 8
44310 46642 8
45233 43756 8
44444 44968 8
43338 46099 8
42970 46238 8
41967 46740 8
44441 45522 8
44777 44263 8
44436 47374 8
43155 45637 8
45590 45829 8
44781 45786 8
43601 46919 8
46305 45959 8
41869 44010 8
43346 44722 8
42205 44895 8
44128 43566 8
42729 46022 8
44993 47285 8
43292 46926 8
43911 45724 8
43953 45891 8
45779 47297 8
42357 44214 8
44328 43843 8
42809 47544 8
43157 42754 8
43925 45390 8
43115 47237 8
43073 45662 8
45030 47358 8
44305 47441 8
44191 46111 8
45748 45373 8
41650 44288 8
42350 45677 8
44121 45686 8
42073 47804 8
43537 44164 8
45307 46959 8
44906 44367 8
45483 49576 8
46259 47739 8
45462 46015 8
44314 46552 8
44773 44472 8
44108 47308 8
44630 45910 8
44403 45462 8
45455 47051 8
44222 47283 8
44720 46277 8
41762 45856 8
44441 44084 8
46080 45581 8
44860 45401 8
45467 46484 8
43637 47501 8
44730 44597 8
45639 46267 8
45155 46300 8
42885 43424 8
41809 46177 8
44570 47080 8
45621 43643 8
43997 43614 8
45602 47699 8
45323 45375 8
44009 45753 8
45568 45030 8
41393 47923 8
44731 45782 8
45463 44569 8
40980 46486 8
43674 44582 8
45222 46187 8
44653 46583 8
41685 46400 8
43546 46236 8
46164 46580 8
45144 44224 8
44657 45522 8
45636 44805 8
43893 45804 8
46325 46465 8
43637 46126 8
44980 46433 8
43154 46704 8
46369 46355 8
45492 45184 8
43310 47950 8
45171 45436 8
44134 45523 8
45170 46219 8
44343 46331 8
44628 44128 8
45053 41413 8
43236 42815 8
42442 46509 8
43759 47038 8
45990 47668 8
42589 46455 8
43547 46694 8
41543 44527 8
44149 46507 8
43133 44100 8
43126 46942 8
45410 45844 8
45070 46149 8
45122 46441 8
44795 45763 8
44955 44084 8
45013 46448 8
43759 46136 8
45917 46768 8
44147 47245 8
45202 45985 8
40567 45043 27
41319 43486 8
46559 46467 8
46176 44368 8
45222 44704 8
42722 46767 8
41645 44900 8
43028 46704 8
43797 45072 8
43056 45372 8
41745 43699 8
47649 44608 8
45236 46488 8
46727 44810 8
37419 43143 27
37688 42247 27
38376 43893 27
36237 45217 27
38722 44656 27
38742 45054 27
38421 45050 27
37021 45533 27
37149 42966 27
36392 42287 27
36035 44994 27
37456 43316 27
36940 44599 27
38839 45059 27
38276 44131 27
40551 43121 27
35426 43662 27
37080 44440 27
38532 46215 27
38633 44936 27
38642 43168 27
39339 43794 27
38452 41706 27
37408 42437 27
36730 42052 27
39154 45425 27
39714 43112 27
39198 44876 27
35566 43812 27
38652 43589 27
38257 43698 27
36061 44909 27
39127 44669 27
38187 42502 27
38313 42918 27
36147 45864 27
39845 43456 27
41604 45123 8
36236 42655 27
36689 41595 27
38541 45422 27
38141 42987 27
39051 42209 27
37956 45047 27
35422 43143 27
36552 42273 27
41287 43899 8
39519 44357 27
36873 44927 27
38370 43590 27
38020 42414 27
36792 46817 27
38472 44317 27
36964 44248 27
36798 43188 27
37909 44007 27
37898 42264 27
37621 44330 27
35834 41572 27
35738 47404 13
37356 43223 27
37533 46903 27
36513 41768 27
34472 44986 27
35499 44956 27
36848 44872 27
38384 44349 27
36227 42607 27
39468 45148 27
36477 43178 27
38840 47026 27
37168 42902 27
39130 44427 27
36148 42756 27
34465 45660 27
38121 42817 27
41173 45297 8
39118 43300 27
37594 43236 27
39978 47150 27
34263 44388 27
37344 45244 27
35668 45488 27
38895 46953 27
36736 41209 27
37139 46473 27
39769 44240 27
37555 48222 13
38628 42083 27
36138 45361 27
37989 44472 27
36908 44224 27
33901 42137 27
36302 41425 27
37457 45359 27
35407 45071 27
37611 43696 27
37488 43554 27
36494 44775 27
36028 44106 27
37862 44856 27
40421 43286 27
36328 41576 27
37066 46005 27
37452 45645 27
40608 42385 27
37533 45788 27
36006 44533 27
34763 47185 13
37961 43017 27
38628 42425 27
35529 42411 27
39743 44229 27
36956 41087 27
35990 44312 27
37781 43675 27
38162 42849 27
38631 42382 27
39806 44052 27
38792 42731 27
36207 44053 27
36670 43457 27
35812 44237 27
37933 44275 27
36655 43690 27
41421 45183 8
36624 43557 27
37216 42103 27
38471 45196 27
37423 43821 27
38879 43601 27
36314 42899 27
38046 43222 27
38334 44983 27
37281 43566 27
36633 45907 27
36104 44858 27
38928 44200 27
37878 44712 27
36730 46380 27
37712 41709 27
38167 44955 27
37277 43318 27
37223 44069 27
39717 45768 27
35514 43719 27
36436 42042 27
38171 43484 27
38156 42125 27
36941 45215 27
35579 48814 13
37634 49608 13
36225 48957 13
34355 49584 13
36650 49853 13
35241 51921 13
33990 50289 13
35412 50437 13
37225 51572 13
34150 49267 13
33253 51495 13
36105 51866 13
34822 51148 13
38237 48625 13
36039 48341 13
34297 47566 13
32678 49616 13
37350 50837 13
35002 47288 13
35272 50981 13
35964 51413 13
35483 51071 13
37530 50158 13
33031 49839 13
36249 48621 13
37262 48931 13
36821 50119 13
37033 49325 13
34168 50938 13
34843 49771 13
37561 49995 13
36796 52430 13
36192 49919 13
35770 52042 13
34686 49648 13
36048 49597 13
35565 48339 13
35546 49505 13
38017 49279 13
37639 51837 13
35339 47420 13
38382 50918 13
35671 48294 13
33398 51137 13
37861 51564 13
32927 49254 13
35706 52352 13
37843 47251 13
36509 47537 13
36854 51151 13
35189 50295 13
38406 50159 13
34709 49183 13
37294 50423 13
35400 49266 13
36094 47907 13
38961 50227 13
35159 50779 13
35939 49289 13
38855 49311 13
35227 48318 13
35781 49561 13
37371 50259 13
35080 47863 13
34416 49861 13
34118 47242 13
37140 50855 13
34842 51826 13
36632 50048 13
35660 50287 13
35736 50946 13
36861 48856 13
36427 47279 13
36048 49799 13
35227 50595 13
33610 47960 13
34968 49788 13
34845 46900 13
35024 48489 13
36339 51173 13
34466 48775 13
38087 50225 13
36443 51660 13
33720 49736 13
35539 50166 13
35419 49363 13
35945 49817 13
36246 51152 13
36307 50278 13
36381 52770 13
36988 51376 13
36844 49197 13
35763 53479 13
34452 49372 13
36683 51494 13
34557 49672 13
37730 52956 13
36351 49891 13
33688 51396 13
35642 50452 13
33588 49671 13
34530 49906 13
33187 50018 13
32941 47506 14
37958 47446 13
34185 51296 13
31544 51040 13
34534 50571 13
33711 49295 13
35069 49627 13
36077 51330 13
34309 50421 13
34612 50949 13
37262 49369 13
37673 49210 13
37296 49056 13
35860 51362 13
36089 50994 13
32563 49750 13
34552 51425 13
36578 48187 13
36380 52882 13
34179 51422 13
37032 49709 13
32539 50210 13
35552 48305 13
37884 50585 13
34466 50054 13
36875 49080 13
34891 51236 13
36511 50864 13
34829 50197 13
36892 52297 13
35829 51420 13
34882 52761 13
34294 51247 13
35103 50857 13
37587 52358 13
34707 50043 13
36536 50600 13
36059 49522 13
37330 47493 13
36155 46086 27
35458 49189 13
38302 47823 13
34539 48042 13
35942 48277 13
34071 46853 13
37009 50665 13
38026 49433 13
30675 45875 14
30226 45636 14
28960 43900 14
29217 46188 14
30475 46664 14
31713 42464 14
33218 47967 13
29143 44064 14
28126 45449 14
30038 41895 14
30739 46310 14
29558 46597 14
31896 46740 14
30517 46707 14
29210 43704 14
28471 44259 14
29530 46416 14
30682 45890 14
29819 47338 14
30642 44576 14
31737 43229 14
27470 46279 14
29989 43024 14
30491 41203 14
31052 44147 14
32661 43644 14
30196 46361 14
31796 47101 14
31503 46222 14
35614 43967 27
28084 44238 14
30778 45509 14
31788 45290 14
33695 46149 14
30676 44504 14
30775 47047 14
33363 45845 14
30177 45673 14
30718 44320 14
32597 45301 14
32054 44723 14
30608 45304 14
30150 45514 14
29362 47441 14
28155 45255 14
32486 45285 14
31524 44845 14
32405 46570 14
31145 45032 14
30406 42221 14
30378 43157 14
31392 45745 14
31258 45528 14
30153 43073 14
31803 46564 14
32331 43438 14
28880 45886 14
29106 43182 14
30371 41309 14
30169 46439 14
31402 46870 14
29600 45499 14
30568 47317 14
31713 45798 14
30308 43899 14
30056 46474 14
31518 45790 14
31378 46911 14
28892 44763 14
30089 44084 14
31846 45640 14
31451 44728 14
31792 46103 14
30975 44646 14
31857 46295 14
31927 45410 14
30762 45322 14
28376 40273 14
29306 45710 14
31804 46189 14
30821 42973 14
30897 43545 14
30736 46717 14
27766 44204 14
30728 45467 14
29332 46456 14
31226 44887 14
30403 46958 14
31207 45861 14
29722 45294 14
29544 45272 14
30413 43945 14
32592 43841 14
31658 45403 14
28687 45223 14
30273 44274 14
29649 45100 14
30242 43888 14
30001 43057 14
31469 44399 14
31734 46293 14
30194 43974 14
28679 44857 14
31805 47786 14
29639 43920 14
30786 43828 14
30138 45972 14
31645 47208 14
29481 45044 14
30664 43973 14
29237 44457 14
29241 45255 14
30956 44177 14
30418 44657 14
33186 43524 14
32604 42927 14
30760 45924 14
29000 46113 14
30500 45100 14
32691 45377 14
33747 47399 13
29227 43639 14
28256 46556 14
31224 44430 14
29669 44764 14
31589 43691 14
30752 42842 14
29480 44494 14
29536 45838 14
29841 45013 14
29438 45456 14
29523 45164 14
34312 48755 13
29750 44627 14
30250 43330 14
29914 44719 14
31364 46251 14
34201 45579 27
29922 47165 14
29989 44983 14
31509 44947 14
29334 44178 14
31176 45220 14
29877 45141 14
31080 43735 14
28598 42577 14
30250 44975 14
30980 45062 14
31263 44804 14
30558 42982 14
23546 44360 19
25573 44780 19
21532 47321 19
24237 44158 19
23150 45300 19
24230 43575 19
24182 42995 19
25497 44630 19
24340 44827 19
24089 45670 19
24853 44478 19
21937 44614 19
20206 44751 19
24014 44873 19
21687 44979 19
21910 43685 19
22857 44913 19
23965 43943 19
25894 44842 19
22628 46075 19
25419 43906 19
23581 45323 19
23317 46060 19
23142 45358 19
22111 46728 19
21778 45368 19
21180 46364 19
21778 43648 19
23262 45277 19
24619 43309 19
21823 46630 19
23171 43916 19
24986 45528 19
21894 45553 19
23642 45424 19
24368 44559 19
22821 45763 19
20705 45156 19
22593 45289 19
23196 42015 19
21889 45210 19
23114 43770 19
20960 43907 19
22358 44973 19
21348 47547 19
20459 45221 19
23395 45244 19
23223 45774 19
23398 43760 19
24262 42826 19
24041 46280 19
22984 45050 19
20993 44150 19
22116 47089 19
22296 44995 19
23089 45196 19
20887 43671 19
22731 44689 19
20848 44658 19
22850 45783 19
23292 44226 19
24581 42479 19
24009 40481 19
24431 44071 19
25890 42857 19
23364 44594 19
23560 45345 19
22335 44581 19
23525 44402 19
23472 42592 19
21585 44932 19
20582 45959 19
25500 47603 19
20910 46307 19
23086 44507 19
24480 44200 19
24217 45276 19
25177 42247 19
23661 43901 19
23530 46214 19
24222 46031 19
23540 46249 19
22653 42993 19
21390 45195 19
23972 42333 19
25901 45959 19
23049 46303 19
24173 42512 19
24429 44491 19
22692 46645 19
22943 46047 19
23296 41980 19
22009 45047 19
26138 44924 19
21295 43673 19
21975 45075 19
23609 44895 19
23460 47149 19
23302 45363 19
24028 45179 19
24885 46243 19
24134 44700 19
22102 42383 19
24732 44326 19
22650 44599 19
23958 43121 19
24637 44635 19
23443 44200 19
24538 43590 19
22753 44896 19
22988 44118 19
20058 45994 19
20242 44737 19
25485 47105 19
21892 44677 19
25214 45978 19
27034 45408 14
22228 43134 19
24676 43516 19
22714 45420 19
21762 43634 19
20656 43529 19
25217 45683 19
23000 44680 19
22065 46398 19
23656 46993 19
21105 45331 19
23451 44560 19
25001 45627 19
22208 47545 19
24559 45955 19
23380 43227 19
22711 44137 19
27120 46386 14
25359 46497 19
21313 45338 19
20796 45252 19
26277 46870 19
24322 44460 19
24053 47675 19
24655 43256 19
23468 44180 19
20234 45802 19
23232 45993 19
23335 44159 19
25373 45642 19
25030 44573 19
22267 42799 19
24209 47858 19
21951 43577 19
56176 36609 6
59462 34644 6
57364 38191 6
58261 39244 6
55214 34719 6
56892 36749 6
55705 35150 6
59028 34433 6
51119 34201 6
54092 34141 6
54902 35784 6
56619 39634 18
57706 36957 6
58015 33030 6
58207 32668 6
54759 34673 6
56262 31753 6
57302 35955 6
53683 36353 6
56654 34800 6
56001 35127 6
51819 34952 6
53589 34387 6
55126 35679 6
55951 35172 6
55962 36357 6
57090 35856 6
55961 36119 6
57952 35957 6
54804 34530 6
56079 35838 6
55264 37963 6
56912 35113 6
55952 34236 6
54560 35032 6
56076 35702 6
56576 35512 6
54915 34318 6
57466 37210 6
56290 36371 6
55884 33627 6
54867 34149 6
57676 32271 6
54736 36726 6
55909 35079 6
52540 35742 6
55673 36783 6
56571 36615 6
56853 36827 6
56634 36092 6
54797 34991 6
56083 34642 6
57324 34734 6
56644 33949 6
56599 31660 6
56909 34845 6
55175 36385 6
55355 35132 6
57163 32632 6
54656 35199 6
55689 35957 6
56210 37841 6
56420 33286 6
57009 36334 6
57114 36454 6
55423 35207 6
54628 35291 6
55716 34829 6
55690 36922 6
58721 31746 6
57952 36070 6
51985 34337 6
58641 32430 6
56192 35316 6
56985 35542 6
56465 36117 6
57200 35693 6
55891 34988 6
58275 34756 6
56789 33822 6
55176 34355 6
58714 33665 6
55969 36361 6
57499 36311 6
56688 33167 6
54920 35189 6
58069 35003 6
55914 37384 6
55815 35267 6
57936 38129 6
56861 35184 6
56861 38405 6
54781 34591 6
55682 34915 6
54042 36812 6
56237 35712 6
55828 33876 6
56932 34467 6
55823 36440 6
54195 36520 6
57430 34173 6
52061 36486 6
56465 35823 6
55387 34283 6
56115 34542 6
58287 35455 6
58122 34536 6
54879 35558 6
56704 37607 6
54624 33896 6
55040 35677 6
56966 36054 6
55765 34591 6
54698 36576 6
54640 37322 6
56910 36503 6
56505 34457 6
55554 34429 6
55308 34833 6
54795 38573 6
58551 34542 6
58552 34610 6
54441 36098 6
55130 32613 6
57531 34633 6
57117 35949 6
53109 36784 6
55451 34185 6
55902 34462 6
56280 36718 6
60540 34103 6
57818 36474 6
55106 35479 6
57263 34076 6
56080 35833 6
56863 33600 6
58485 35736 6
52366 33053 6
57484 33755 6
52702 37078 6
54155 33837 6
54147 34725 6
55576 35700 6
55113 34231 6
56397 33198 6
56312 34576 6
55244 36679 6
57107 35175 6
56661 33449 6
56695 34640 6
56617 59228 34
57407 59011 34
58901 60114 34
57352 60812 34
59438 56138 34
57806 56025 34
56503 61166 34
56656 59358 34
60170 57766 34
58685 61322 34
57369 60485 34
55600 58573 34
57043 58533 34
59247 57869 34
58089 61808 34
57935 60848 34
56349 57876 34
56204 60259 34
57641 60726 34
60182 57521 34
60022 56705 34
59962 57459 34
58378 59625 34
59183 58245 34
60186 59053 34
56402 60540 34
56630 61148 34
55643 56983 34
57911 59161 34
59977 60098 34
57235 58560 34
58478 61185 34
57070 61127 34
58937 59801 34
60236 58666 34
59205 61100 34
59632 59033 34
58405 58920 34
57021 59529 34
58016 59802 34
57012 58442 34
57109 59398 34
58320 58589 34
56113 58391 34
59556 56505 34
56852 60804 34
56330 57895 34
55965 58019 34
56902 58672 34
57580 59406 34
58353 62374 34
56977 59124 34
56207 58396 34
56837 58776 34
57860 58007 34
59493 59925 34
56965 55756 34
58453 57611 34
60288 59039 34
56472 60292 34
57270 58393 34
57411 57810 34
54495 56286 34
57471 60708 34
57040 59231 34
55069 58403 34
58582 60563 34
58507 59221 34
55963 58727 34
58266 59937 34
58350 59869 34
57996 57100 34
58359 59267 34
56736 59120 34
57191 58526 34
58178 57912 34
58133 59559 34
60144 59867 34
58858 58838 34
58041 57627 34
57871 57993 34
57937 57398 34
59274 57515 34
58686 58126 34
56089 59453 34
59235 59746 34
59003 61704 34
57100 58084 34
58711 59506 34
56822 57104 34
56951 60091 34
58351 58972 34
54707 58958 34
56907 60861 34
56458 62279 34
56179 60407 34
59771 58620 34
57474 61592 34
59145 57682 34
58755 58852 34
58171 59816 34
58955 59061 34
60558 58668 34
60861 60660 34
56223 58061 34
55315 59105 34
59297 57367 34
57811 61984 34
58264 58004 34
56017 58866 34
57858 56213 34
57465 60338 34
59063 61023 34
56919 61704 34
57420 56995 34
56193 57306 34
59212 58881 34
59520 57478 34
58805 58937 34
58643 62544 34
60648 59950 34
57662 59776 34
58328 59426 34
59150 57549 34
61702 59116 34
55775 60586 34
60172 57152 34
57689 60812 34
55641 58329 34
55762 60953 34
58683 56655 34
57150 58278 34
57181 60791 34
60349 57522 34
58681 58891 34
58624 59242 34
57407 59508 34
54651 60660 34
58807 58596 34
59630 59564 34
57108 59720 34
56242 59503 34
58202 60472 34
57838 58760 34
56085 59393 34
55757 59177 34
58911 56004 34
56167 58614 34
60299 57769 34
59461 57251 34
35512 36208 3
33376 36551 3
33828 36597 3
36931 33530 3
36370 38758 3
36729 36670 3
33514 34146 3
36407 35495 3
35630 35459 3
34820 37180 3
34921 35483 3
37318 35818 3
37576 34698 3
36717 38099 3
38530 37831 3
39377 39534 27
33950 37142 3
34990 35506 3
34783 33974 3
36192 38539 3
34219 37328 3
34555 35089 3
34158 36693 3
36053 35896 3
36195 37293 3
36958 38782 3
35325 37788 3
35221 36740 3
34808 33214 3
35643 36981 3
38225 37518 3
36711 36937 3
35197 38633 3
35500 37367 3
35899 36838 3
35269 35770 3
36065 35605 3
38896 38874 3
35552 35365 3
34086 35320 3
34657 37659 3
36377 38481 3
36208 36470 3
36174 35366 3
35185 36969 3
36226 39249 3
34648 35191 3
36476 38652 3
35034 37601 3
32973 36846 3
34943 35113 3
36629 38099 3
37612 38699 3
35600 34522 3
35161 35366 3
34184 37127 3
33194 36579 3
37311 37517 3
38567 35265 3
35982 34177 3
37489 35913 3
31762 39479 3
35747 35961 3
35928 38445 3
35638 32848 3
37050 38142 3
33116 38702 3
34633 34884 3
34746 37190 3
33487 38175 3
35714 35353 3
36116 35530 3
37434 37095 3
35150 37142 3
32495 35895 3
34964 36011 3
35946 35699 3
36199 36941 3
33997 35399 3
35602 35147 3
34553 36316 3
38155 36389 3
35358 36948 3
33790 38439 3
36047 36617 3
34123 37958 3
35751 36873 3
34499 35534 3
34955 36224 3
32527 34568 3
34988 36892 3
37289 35052 3
34333 37089 3
36922 38430 3
36639 38543 3
35862 37994 3
35706 35668 3
35082 36107 3
36706 35481 3
34908 37903 3
37647 35555 3
35783 37166 3
37402 36276 3
35670 37962 3
34946 37735 3
33915 36655 3
34505 38899 3
33015 34994 3
33736 36497 3
35715 38983 3
36897 38179 3
37190 36876 3
36506 37796 3
35348 35091 3
35158 36723 3
36329 34019 3
34189 35807 3
35355 35916 3
33189 39289 3
37321 36461 3
37955 38784 3
33228 37025 3
34885 37762 3
36792 36418 3
35316 33423 3
33494 36540 3
33419 32877 3
33289 37628 3
34116 36691 3
36360 37624 3
34564 38714 3
35715 35049 3
36260 35245 3
35993 36755 3
34947 37142 3
34177 36131 3
34666 35740 3
34429 38562 3
35129 38752 3
36452 37390 3
35397 38645 3
38050 37010 3
34639 35788 3
32388 32912 3
34595 33970 3
35045 35212 3
37004 35221 3
35398 34770 3
35668 37707 3
35582 36628 3
35758 61383 22
37510 58769 22
35937 58405 22
33096 58751 22
37411 59122 22
37356 56126 22
36024 58025 22
35873 57697 22
35043 57610 22
38898 57418 22
35756 56883 22
35770 57807 22
35393 59625 22
32705 60775 0
36112 57732 22
37949 59005 22
35942 60910 22
35962 58314 22
34975 56890 22
36383 56022 22
33530 56923 22
35784 57029 22
37004 59517 22
38885 57734 22
34875 58388 22
35249 56647 22
35783 56895 22
36231 58437 22
34200 56925 22
34007 59541 22
36695 57484 22
38784 58347 22
35592 58810 22
34117 58619 22
39624 59103 22
33206 57563 22
34604 59669 22
36244 56138 22
36930 55331 22
37122 56772 22
35993 58661 22
37553 58116 22
35848 59537 22
38069 55943 22
36066 57264 22
32124 60045 0
34899 58230 22
34273 57126 22
35111 58432 22
35084 59440 22
36584 56278 22
37828 57851 22
37832 60136 22
37545 58893 22
34908 60044 22
34987 58420 22
35275 57488 22
38898 59326 22
36797 57177 22
36422 58722 22
37089 58692 22
38608 57465 22
32095 59743 0
35152 57713 22
33558 57552 22
37697 57060 22
33063 56115 22
36333 60512 22
35787 56466 22
32799 57530 22
34681 58065 22
35761 58216 22
37112 58015 22
39732 56921 22
34913 61426 22
37747 58700 22
34791 58145 22
34951 57945 22
37506 58549 22
35193 58621 22
37935 58459 22
36620 58389 22
38451 59019 22
34554 57983 22
34159 58997 22
36524 55728 22
33395 58278 22
34766 58226 22
35824 58802 22
38495 57407 22
37013 61138 22
34997 58446 22
37319 55871 22
34725 59050 22
33199 57554 22
35014 60821 22
34503 57015 22
37606 55666 22
36898 56928 22
39365 57730 22
36491 57842 22
34747 60283 22
37080 56004 22
36613 57187 22
36411 60222 22
36755 56506 22
38026 57280 22
33856 55956 22
35289 56894 22
37266 56882 22
36339 59245 22
34473 57654 22
38077 58627 22
36499 57389 22
35972 56943 22
34357 59322 22
36181 57684 22
35960 57198 22
35581 56575 22
35128 56951 22
32935 60307 0
32599 57242 22
35589 56711 22
33182 58518 22
37456 56022 22
35008 57917 22
36887 58929 22
34622 57152 22
36318 58811 22
33776 55987 22
36379 60152 22
34697 59793 22
36394 58547 22
34136 58308 22
38034 58930 22
34660 57638 22
35981 57014 22
36088 59612 22
35259 57182 22
35608 59727 22
38215 56305 22
35757 57154 22
39108 56012 22
35532 57502 22
36791 56396 22
36624 58909 22
34771 59105 22
36021 57104 22
34483 57326 22
36590 58007 22
30519 60575 0
29428 57368 0
30187 59977 0
34340 61421 22
29923 60355 0
30489 60077 0
30296 61349 0
30866 61518 0
30182 61719 0
28368 60908 0
31926 61137 0
28683 57407 4
31067 60362 0
30509 59837 0
27876 58342 4
33271 57782 22
29384 62711 0
29900 61662 0
31942 60281 0
31730 60252 0
30227 60750 0
32813 61223 0
29611 60580 0
28715 59480 0
29218 59842 0
28632 58133 0
31228 60401 0
28905 58423 0
28036 60557 0
30812 58352 0
29795 59553 0
31180 59521 0
29076 64142 0
31575 58716 0
30790 59476 0
30263 59404 0
30148 61153 0
31320 60589 0
32172 60307 0
29673 59444 0
31229 60305 0
30843 59648 0
28195 61205 0
29994 62114 0
31175 60213 0
27161 58169 4
29683 60458 0
32238 58780 0
27350 59069 4
30122 58919 0
31670 61143 0
28257 58652 0
28721 59763 0
30131 60185 0
33108 58316 22
28220 62367 0
31245 59699 0
28369 62327 0
30721 60879 0
31953 59220 0
32018 59149 0
30811 58156 0
29254 59416 0
29697 59137 0
31812 61323 0
30354 61456 0
28198 60605 0
30924 57500 0
29247 59944 0
32147 60334 0
31134 58676 0
31721 59362 0
29427 60395 0
28783 57383 4
26472 60530 0
31018 59733 0
30262 60642 0
30235 59736 0
30890 60903 0
30918 59961 0
32966 61052 0
32249 59188 0
30408 63018 0
30359 60314 0
31477 59334 0
32602 62162 0
30499 61558 0
31078 59348 0
31397 60532 0
30013 59736 0
28794 56826 4
29754 63112 0
32753 58596 0
27987 58149 4
30571 61249 0
30539 60470 0
29782 61349 0
29079 61553 0
29691 61444 0
32169 61430 0
32179 62498 0
28294 60680 0
31265 60482 0
32587 59699 0
30750 58834 0
26974 62911 0
31076 58489 0
30840 60498 0
32539 58342 0
27896 59461 0
29766 58683 0
29790 59882 0
31982 57681 0
29949 60400 0
31465 60313 0
29115 62802 0
27314 59327 4
29317 64018 0
29895 58833 0
30885 61062 0
28036 58962 0
30823 59078 0
32856 59784 0
30362 59196 0
28541 58430 0
27471 62782 0
29643 57325 0
31582 61732 0
32004 62660 0
27038 60527 0
30099 59667 0
28169 57906 4
30742 63924 0
32581 58888 0
30334 59872 0
31245 58928 0
31379 58565 0
31448 59927 0
31470 59923 0
28765 57296 4
27973 59365 0
29885 58983 0
31657 59010 0
29468 61338 0
32938 61527 0
28751 58360 0
29694 59689 0
29540 59352 0
28078 58870 0
29067 60173 0
27091 54253 4
25124 57119 4
24089 56850 4
25810 55297 4
25926 58142 4
24426 55480 4
25210 58815 4
25417 57487 4
24312 54819 4
26499 54391 4
24887 53865 4
25528 57475 4
26769 56753 4
28476 54046 4
24636 56094 4
24740 57086 4
28047 56907 4
24741 56290 4
26841 54215 4
27701 55093 4
24882 54495 4
26259 55919 4
29105 56069 4
26732 56854 4
26151 55931 4
24476 56502 4
27713 57427 4
27368 54677 4
26140 55358 4
23516 55985 4
26211 56561 4
27130 55011 4
25948 55864 4
25596 58567 4
27205 55025 4
28236 54891 4
27897 57731 4
27478 57943 4
25888 54491 4
27173 54448 4
27532 59289 0
26674 53557 4
25846 54507 4
25991 58191 4
27551 56259 4
28449 55196 4
27670 56086 4
26945 58804 4
25177 55242 4
25339 56578 4
27126 54499 4
25718 54991 4
26385 53305 4
27360 55934 4
27288 56112 4
27361 56240 4
25878 52642 4
26181 57969 4
27473 55944 4
25369 55414 4
25655 56158 4
26016 56218 4
24424 56102 4
25310 58129 4
29533 56041 4
25550 58911 4
26789 53709 4
26946 57437 4
26058 58097 4
26555 55832 4
24231 55657 4
28028 57612 4
27149 56242 4
28224 57542 4
24968 57913 4
25717 58732 4
28411 56537 4
25109 56417 4
28547 57790 4
26228 54976 4
26848 55785 4
25848 56325 4
22974 56798 4
26160 57328 4
27525 54513 4
24142 55523 4
28861 57184 4
25822 59362 4
25222 55964 4
24703 55336 4
25646 54908 4
28298 57069 4
27859 55067 4
25189 57568 4
26965 56632 4
27120 56152 4
23696 54533 4
24570 55662 4
24288 57687 4
27682 54025 4
28689 57577 4
25866 55125 4
28892 56367 4
27181 56894 4
27722 55535 4
26440 56269 4
25068 56180 4
25350 56240 4
24894 55489 4
26916 58640 4
26856 58680 4
26989 55322 4
27587 57391 4
28152 57574 4
26384 59489 4
27605 55558 4
25129 54989 4
25784 57903 4
25439 55060 4
27859 55438 4
27879 53983 4
26119 55228 4
24690 57613 4
26625 55961 4
25593 53412 4
28416 57001 4
27467 57447 4
25343 54674 4
27552 55144 4
25340 53689 4
28399 57539 4
24710 56117 4
26359 56268 4
27427 54209 4
25496 52962 4
25661 57052 4
26695 59233 4
27268 55029 4
28234 53574 4
24946 55995 4
24659 58265 4
23172 56902 4
25794 56088 4
28875 55935 4
25031 56372 4
25766 56091 4
25819 57753 4
26560 56548 4
24824 54698 4
27012 53620 4
19025 62636 15
19900 60714 15
18954 57047 15
19344 62840 15
17751 61428 15
21627 58160 15
22326 60658 15
19382 63395 15
21972 60531 15
20134 61633 15
20702 61057 15
21312 59368 15
18481 60786 15
18767 60985 15
20334 61581 15
19526 59848 15
22697 58797 15
19294 59703 15
20526 60843 15
18772 60025 15
18039 59768 15
21628 60449 15
19021 61319 15
18575 61722 15
20836 59046 15
20105 59016 15
19699 62296 15
18817 58878 15
18943 58109 15
18815 62114 15
22810 58901 15
21185 60062 15
20509 59928 15
20804 60148 15
19594 59972 15
18197 61377 15
19537 61008 15
19595 58362 15
18875 60987 15
21148 58036 15
20417 60494 15
18640 59549 15
18415 57704 15
19158 59031 15
19098 60621 15
19527 58633 15
17848 61122 15
21104 59172 15
19291 57452 15
19934 60059 15
19522 63016 15
18689 60259 15
18453 61868 15
18837 60633 15
21045 63698 15
18910 61556 15
19054 59966 15
19627 61579 15
19455 56683 15
19555 60570 15
18121 58870 15
20010 59733 15
20066 61008 15
22093 61464 15
18862 58907 15
20201 60795 15
20130 59952 15
16642 61808 15
19757 56557 15
19668 59725 15
19400 59155 15
19361 60098 15
19050 60020 15
20802 61143 15
20315 58888 15
20089 62129 15
21129 61824 15
19037 59703 15
19762 60770 15
20528 60152 15
18805 60199 15
17439 61792 15
18764 59172 15
19267 62597 15
19058 56889 15
18920 61294 15
18703 62842 15
20482 60234 15
20238 61647 15
18728 61944 15
22126 61424 15
20128 61744 15
18698 58855 15
20003 60955 15
19073 60999 15
16391 59781 15
18783 62031 15
17429 60166 15
18201 61721 15
20045 61007 15
19904 61451 15
18277 62796 15
17796 59483 15
19306 60051 15
21523 61439 15
19698 58963 15
20282 58698 15
20513 62539 15
18124 58780 15
19041 61593 15
18552 59781 15
20263 60620 15
19681 57745 15
21673 59416 15
20812 62779 15
19719 60027 15
20454 62980 15
17880 59110 15
20713 58152 15
22211 58498 15
18661 59697 15
21799 60449 15
20230 60131 15
20187 59082 15
19560 60184 15
20009 60409 15
19007 61003 15
18182 57369 15
20612 58724 15
16944 58772 15
19439 61775 15
19685 60178 15
20653 62961 15
18288 60306 15
21349 61968 15
21514 61173 15
20433 59887 15
18757 59265 15
19628 61511 15
17601 61680 15
20274 60701 15
20308 60378 15
20970 58660 15
18730 60090 15
19963 60202 15
21348 60804 15
19728 61905 15
19366 62085 15
18830 61493 15
19969 62625 15
18909 52601 7
17116 51058 7
16100 53394 7
16090 53751 7
20166 55842 7
15917 52931 7
15656 55281 7
18871 51566 7
19414 54082 7
16437 52739 7
16028 55929 7
15972 53146 7
16536 53987 7
17538 51935 7
18616 53201 7
14920 50298 7
16174 53398 7
19439 53600 7
17104 54251 7
19058 51974 7
20108 52854 7
18266 56898 7
17090 51246 7
13744 52654 7
16054 55988 7
16600 53018 7
17561 51049 7
17282 55598 7
16817 51881 7
18255 53443 7
17770 54173 7
14731 51470 7
16075 54791 7
15392 53579 7
17559 55061 7
17360 55652 7
14388 53648 7
15825 51910 7
17510 52863 7
17566 57245 7
18051 55242 7
16594 53441 7
16204 53729 7
17390 56678 7
14977 52231 7
16886 55893 7
14490 52708 7
16637 55718 7
15752 52224 7
15199 53223 7
19510 54266 7
16992 51815 7
16195 54362 7
17567 50758 7
15793 51066 7
16118 53752 7
15910 55839 7
17444 52150 7
16701 54462 7
18390 54942 7
16024 52949 7
17396 57433 7
17185 53896 7
16929 52931 7
16473 50288 7
19632 53822 7
18228 55601 7
17002 51945 7
20576 52371 7
17214 54634 7
18039 52392 7
16200 53672 7
17989 52479 7
16196 56850 7
20426 55459 7
16328 52639 7
16901 53816 7
14983 53966 7
16069 52884 7
16166 54679 7
16394 51979 7
14029 53667 7
16543 54520 7
14194 54889 7
17526 54728 7
14416 54620 7
15789 54786 7
16844 54821 7
17589 54560 7
18786 52874 7
14749 53899 7
17675 52826 7
15589 56047 7
16412 53126 7
18310 54461 7
15914 53383 7
13959 53191 7
18551 54688 7
17436 53910 7
16530 51754 7
17108 54583 7
18315 55201 7
16733 54802 7
15211 52424 7
17296 54776 7
17220 53722 7
16512 55230 7
17191 56131 7
17849 53689 7
14508 53392 7
17680 54393 7
16998 52999 7
17369 56734 7
16868 53705 7
16577 53157 7
15724 54447 7
19695 53726 7
14816 55172 7
16724 55595 7
15903 55703 7
14952 51337 7
15669 56859 7
18263 55490 7
17212 54748 7
16308 53650 7
17535 53169 7
16694 54124 7
16727 55149 7
19648 54157 7
16082 51794 7
16517 54872 7
17584 53227 7
18154 55292 7
13742 53876 7
16838 55160 7
15291 54334 7
17148 54571 7
18489 51924 7
17334 54335 7
17094 53425 7
19556 52167 7
15922 53981 7
14801 53213 7
15873 55374 7
16346 54075 7
15942 56662 7
16933 53507 7
17570 54450 7
16512 50780 7
14561 54365 7
11758 49219 9
8509 49110 9
10643 50924 9
12244 49180 9
8668 50711 9
11661 52373 9
10710 50492 9
9441 50343 9
10203 50042 9
10444 51042 9
11707 50831 9
10932 49591 9
10055 48235 9
10793 49879 9
11346 49957 9
12329 48590 9
7306 50995 9
11304 50748 9
10547 48630 9
8558 49409 9
9815 50653 9
10895 49868 9
10511 49865 9
10968 50319 9
8626 51634 9
12700 50715 9
11648 50442 9
11109 51972 9
9348 50510 9
8881 51111 9
12093 50390 9
9631 49449 9
11266 47149 9
9750 52405 9
11972 49353 9
9139 52976 9
11504 49504 9
9596 47780 9
10112 52474 9
10809 50800 9
11608 49849 9
12909 50774 9
11096 51227 9
10558 50509 9
11133 48302 9
8537 48947 9
12548 51547 9
9069 49741 9
7978 51465 9
10282 52410 9
12271 50801 9
10670 49473 9
10459 50893 9
11233 50321 9
9652 49848 9
9310 50120 9
7847 47923 9
10681 48326 9
10779 50685 9
9547 51751 9
12640 49781 9
8744 49618 9
11504 49613 9
11317 51837 9
10360 51110 9
10893 49089 9
8608 48734 9
8184 47904 9
10734 50592 9
6726 50619 9
9254 50786 9
8430 51751 9
8412 50016 9
7820 49655 9
9143 49825 9
11636 49520 9
8633 50850 9
8329 52004 9
12866 49685 9
10864 47595 9
11402 49037 9
10935 49427 9
10531 50395 9
8351 49532 9
11738 49383 9
11476 47853 9
9222 51346 9
10625 50748 9
9912 51973 9
10457 49183 9
13815 48988 9
10458 50079 9
9284 50452 9
12447 51465 9
9095 50175 9
11303 50343 9
12291 48192 9
9704 50842 9
10909 50127 9
8770 51221 9
9633 50259 9
10215 49540 9
10500 51664 9
7655 49235 9
12231 48044 9
12056 49839 9
12989 48969 9
8430 50059 9
10967 51076 9
9484 49619 9
10754 48878 9
11001 48738 9
10219 49251 9
9783 49864 9
9593 51293 9
7636 50773 9
9374 48912 9
7403 51446 9
8488 49132 9
6877 51095 9
10075 48613 9
11682 49377 9
7365 50119 9
10640 51413 9
10325 50271 9
9507 52117 9
13322 49302 9
11021 50533 9
10948 53029 9
10981 49305 9
10581 50713 9
9337 51408 9
8769 52311 9
10633 50668 9
11264 52550 9
9934 51608 9
10484 52679 9
9548 49906 9
9943 49251 9
9219 49078 9
9704 54563 9
11749 48185 9
9725 49372 9
11138 48042 9
9725 51363 9
10455 50923 9
6812 50588 9
10896 49165 9
10714 49809 9
9899 49825 9
3338 55373 29
5467 53449 29
4515 54198 29
4103 54138 29
4880 52026 29
5551 54081 29
4818 54966 29
5561 54946 29
5313 53165 29
6657 54030 29
2946 53519 29
5335 52707 29
6960 49868 9
4170 52692 29
3087 54671 29
3957 54917 29
3559 52709 29
1751 53803 29
6509 52969 29
6605 54026 29
5923 55070 29
3491 55102 29
3349 52989 29
6873 51646 29
2659 53491 29
3437 53344 29
4705 54499 29
4929 51048 29
2827 53608 29
5927 52888 29
4322 52748 29
4955 52009 29
4671 53807 29
4714 57001 29
4979 54941 29
7352 50106 9
3816 53652 29
2236 53293 29
5039 52221 29
2895 53486 29
4342 52387 29
3552 57334 29
2689 54448 29
4915 55806 29
2313 53188 29
4370 53405 29
2855 54469 29
5484 54333 29
2777 56320 29
7256 53698 29
5435 52033 29
4450 56025 29
2046 55342 29
6618 53179 29
5842 52841 29
5307 54059 29
6928 53837 29
6501 54599 29
5849 53803 29
4082 52913 29
4045 55500 29
3632 53074 29
4377 55602 29
4948 56325 29
7543 53366 29
5671 52955 29
5454 53781 29
2497 53171 29
5723 53999 29
3471 54498 29
4734 55609 29
6656 55193 29
4525 54327 29
3899 53619 29
4290 52333 29
5984 54785 29
5365 53430 29
5701 54322 29
5909 53917 29
5607 53420 29
6763 54572 29
4978 54499 29
4293 55401 29
6172 53566 29
4899 54374 29
4316 54712 29
5698 52940 29
4194 52747 29
4412 53232 29
5461 55324 29
5217 55918 29
4525 54739 29
3414 54902 29
4864 52852 29
6435 52672 29
3715 53236 29
4207 55247 29
4373 53471 29
4122 53342 29
4079 52468 29
6187 54536 29
5336 54167 29
6597 53337 29
2559 53516 29
4705 54880 29
2975 54777 29
3565 52922 29
5706 53205 29
5141 51928 29
17 53801 29
7617 54283 29
5712 52647 29
4197 53856 29
4687 53543 29
4831 54582 29
3988 56542 29
3841 55068 29
5204 51722 29
6164 54498 29
5562 53837 29
2642 55241 29
4048 54140 29
4482 55505 29
4025 53331 29
3567 52072 29
6202 56365 29
3910 54867 29
2580 55663 29
6146 53878 29
4740 54190 29
5481 53730 29
5884 51941 29
3993 54771 29
4184 56655 29
5039 52327 29
5325 54592 29
6565 57240 29
5982 54491 29
3280 54325 29
5083 53207 29
4593 56428 29
5016 56337 29
4222 53879 29
4716 54264 29
4667 52631 29
6681 54199 29
6631 53784 29
4364 54081 29
7497 53513 29
3571 53101 29
10139 60124 30
8580 56978 30
9277 60551 30
10040 60059 30
8531 62942 30
12231 62033 30
11907 59062 30
10162 56940 30
11332 60501 30
9481 59972 30
7915 59830 30
10245 60721 30
12795 59389 30
12134 61178 30
8481 59528 30
12399 59721 30
7865 58669 30
9872 59262 30
10813 57597 30
9781 58820 30
11954 63340 30
6577 62194 30
10963 60408 30
10824 56861 30
10804 59547 30
11335 61153 30
8460 59979 30
10541 58366 30
9325 61499 30
9852 58306 30
6623 59654 30
11949 59100 30
10810 60398 30
11982 59504 30
11058 58087 30
8613 58180 30
9987 59588 30
10495 59902 30
11444 57864 30
8427 58780 30
11968 58691 30
9015 59230 30
14490 59659 30
8338 60319 30
11831 59081 30
12465 58616 30
10254 56364 30
11175 59264 30
10081 57737 30
11585 60290 30
10567 61071 30
11377 61415 30
8542 59770 30
9242 60721 30
8353 59821 30
10409 55838 30
10603 59956 30
10216 60154 30
11096 57117 30
10677 55312 30
12474 57795 30
10812 61715 30
11080 57594 30
13095 61223 30
12412 59050 30
8809 58271 30
12778 62049 30
10449 62189 30
8681 62818 30
13671 59637 30
8149 60049 30
10093 57968 30
12202 60952 30
10837 57202 30
10700 60580 30
9656 58216 30
9326 60606 30
11496 58947 30
10599 60752 30
10975 59231 30
12278 57902 30
11545 59063 30
12886 61092 30
9819 58554 30
11279 63706 30
10728 62127 30
9858 59272 30
11481 59797 30
10315 60301 30
10866 59140 30
9427 60973 30
12008 58420 30
9820 58508 30
13050 61662 30
7736 60919 30
10720 62473 30
12942 61313 30
12029 60342 30
12909 58933 30
9916 60240 30
12191 57368 30
11740 59652 30
10271 60510 30
10218 60133 30
8147 57929 30
13615 60184 30
13190 59501 30
11815 58248 30
8577 61455 30
12671 61339 30
8378 60945 30
9841 59925 30
11304 58688 30
12285 61395 30
10338 60470 30
9530 61240 30
10941 57507 30
9620 62215 30
9706 59947 30
8247 60295 30
10546 60683 30
10319 62431 30
9412 59366 30
8857 60404 30
11005 59848 30
12812 61175 30
9107 58547 30
9717 60903 30
10623 61373 30
10473 60989 30
8189 57252 30
7561 61021 30
11639 60658 30
13437 62373 30
8957 59639 30
10084 61366 30
10415 61631 30
11583 60356 30
9882 60566 30
11638 60356 30
8932 62598 30
9182 62144 30
8948 58608 30
10338 58184 30
9538 59116 30
8656 60454 30
11036 59053 30
8730 58342 30
8780 58483 30
9888 60609 30
42763 55722 20
41745 55036 20
41434 56533 20
45509 54192 20
43605 54433 20
41430 54372 20
43808 56317 20
43051 54413 20
46893 54869 20
41590 54991 20
43097 55525 20
43588 53879 20
44528 55913 20
42669 54424 20
45186 55167 20
42844 52521 20
41186 55401 20
40674 52839 20
43073 54867 20
43931 53583 20
41558 54649 20
41560 56240 20
43818 54730 20
45242 56640 20
43226 55759 20
44538 54319 20
43280 54454 20
43969 56174 20
42512 54055 20
43290 55799 20
41951 55065 20
43821 54110 20
43450 54663 20
45458 54605 20
43952 55424 20
43954 55865 20
42257 53491 20
42030 55457 20
42067 56294 20
42007 55049 20
45090 57235 10
42504 56440 20
43739 54783 20
43850 52909 20
43737 56928 20
42794 54549 20
43371 55785 20
43518 55141 20
44904 56368 20
40369 55514 20
45665 52311 20
40552 54754 20
44252 55655 20
42577 55992 20
45073 55291 20
43964 53370 20
41562 55042 20
43925 55240 20
43690 55642 20
42303 56594 20
42226 51863 20
44123 54027 20
44315 54133 20
42066 56748 20
43396 55572 20
41960 56404 20
42805 56345 20
44162 54951 20
46137 56392 10
42298 54687 20
43438 54681 20
46076 56226 10
41660 54312 20
42939 54538 20
42177 55116 20
43734 56703 20
45665 53642 20
44114 56514 20
42200 56200 20
41539 54557 20
41348 52206 20
43392 54968 20
42196 52532 20
46337 57566 10
39975 56097 20
41505 57046 20
40720 56335 20
42144 56095 20
42287 55605 20
43050 53709 20
41587 57430 20
43049 54257 20
46316 56515 10
42618 55808 20
43338 56219 20
43972 56345 20
45375 56319 20
45540 54967 20
41532 55339 20
40587 54291 20
43480 54527 20
41328 54662 20
44834 56210 20
43772 54935 20
44852 53225 20
43701 56882 20
42741 57727 20
43803 53692 20
41794 53379 20
42842 54189 20
45049 54051 20
44577 53785 20
43784 52818 20
43237 54823 20
43095 55997 20
44120 55931 20
43118 54544 20
44971 53046 20
42756 54099 20
43191 54856 20
44721 57831 10
42907 53491 20
42608 53636 20
42497 55648 20
45022 54903 20
43588 53626 20
44552 55510 20
43148 53760 20
41965 56183 20
41983 53565 20
41742 54194 20
44306 54281 20
43931 55530 20
44445 54947 20
42546 55250 20
41207 54110 20
44292 56530 20
41982 56502 20
43888 55495 20
43245 53795 20
44091 54288 20
44955 53409 20
43586 52147 20
45270 52179 20
44007 56241 20
43296 53627 20
44138 54632 20
43972 56207 20
43394 55343 20
44538 52532 20
47600 59005 10
47503 59980 10
47963 59842 10
47199 59060 10
47200 59031 10
47367 60872 10
46480 61329 10
47486 59732 10
47776 60314 10
45952 59268 10
49808 58728 10
45576 57409 10
45682 57127 10
46415 58450 10
48434 59614 10
47967 59323 10
47389 58806 10
46377 57225 10
47740 60151 10
49007 60804 10
46323 60485 10
43603 60576 10
47980 60330 10
44924 58440 10
47602 58751 10
46116 57531 10
46677 57968 10
48147 58486 10
46224 58268 10
46816 59424 10
46930 62762 10
45934 61462 10
46588 58873 10
46887 58903 10
48268 58780 10
45014 57009 20
47816 59654 10
44602 58814 10
46698 59409 10
46463 59710 10
47870 57743 10
48548 57337 10
44610 61047 10
45509 57926 10
48267 59212 10
46782 59290 10
48378 60485 10
46232 58425 10
45366 60734 10
46923 60229 10
47844 57963 10
47468 58916 10
46188 61604 10
47670 60737 10
45098 58056 10
47131 57719 10
46205 59883 10
47080 59681 10
46949 57454 10
47324 58063 10
48067 58637 10
47296 56836 10
47044 58699 10
47703 58903 10
48393 58921 10
47211 60068 10
47879 58868 10
50084 60284 10
46357 57151 10
45764 58065 10
51139 59585 10
47557 60277 10
47808 58754 10
47613 60401 10
46165 58694 10
48042 60907 10
48454 58189 10
47375 60822 10
46681 59373 10
50896 58701 10
46035 59237 10
47194 57610 10
46728 59448 10
50043 59048 10
49611 57641 10
47518 59285 10
48266 58415 10
47866 61415 10
46046 58977 10
48368 57886 10
48242 59279 10
47947 57572 10
46228 58634 10
46641 58497 10
46928 61322 10
44650 60694 10
47474 60349 10
46650 60203 10
48738 59314 10
48484 58286 10
48278 59764 10
45942 62277 10
46112 59260 10
48262 57550 10
48789 58150 10
46611 59528 10
45960 59176 10
47407 59374 10
46861 63137 10
45700 58817 10
44615 57635 10
47109 58064 10
47323 59670 10
48733 59581 10
47212 61159 10
45345 59997 10
46070 57360 10
46353 59003 10
48271 58900 10
44663 57802 10
47806 59657 10
47058 58373 10
46933 59269 10
48613 56424 10
47571 55890 10
47570 57320 10
46845 61271 10
46708 59648 10
46518 59404 10
46238 58925 10
47693 59141 10
48098 57107 10
46352 59510 10
51041 59578 10
46818 59467 10
46731 58185 10
48368 59001 10
46966 56405 10
46175 58661 10
45889 61544 10
45782 57022 10
48184 59753 10
47975 61610 10
45284 59691 10
45657 57651 10
48382 60296 10
47369 59613 10
45278 59639 10
48789 60495 10
47195 59087 10
16310 42838 28
14529 44667 28
15639 42673 28
11073 43577 28
15360 41918 28
14401 44849 28
16163 45074 28
14973 44050 28
16007 41508 28
14543 43762 28
12094 42449 28
14766 44432 28
13004 45304 28
14189 42315 28
15175 43650 28
13782 39434 24
12059 41470 28
12879 45693 28
14973 45213 28
15241 45564 28
13915 43278 28
13038 43418 28
14688 44005 28
12675 42095 28
11741 45272 28
14067 44806 28
14302 43181 28
13145 42257 28
13343 42577 28
13702 43245 28
12288 42992 28
15291 46302 28
15612 45247 28
11222 43005 28
14932 43758 28
12921 43343 28
12244 41823 28
14719 44066 28
13725 44902 28
15772 42391 28
13795 42806 28
14738 42718 28
11715 41855 28
13292 45173 28
16843 41532 28
17354 43900 28
13118 44260 28
13170 41517 28
13962 41988 28
14895 41365 28
12669 43767 28
15424 39497 24
13938 43472 28
11977 43295 28
13331 41632 28
15004 42307 28
14950 43226 28
15617 44932 28
14015 43167 28
13283 43735 28
13832 44314 28
12018 44436 28
14611 43550 28
14824 42393 28
12657 42917 28
15101 43498 28
14247 42987 28
11540 42854 28
12209 44229 28
14853 43182 28
10527 42775 28
14839 42349 28
13645 43424 28
15836 45980 28
13340 43920 28
16772 41789 28
12601 43739 28
14238 44307 28
13509 42666 28
14816 42924 28
15190 43388 28
14932 44282 28
14821 42289 28
12976 42893 28
17399 45218 28
14606 45093 28
13376 44224 28
13033 46582 28
13673 42787 28
14350 42175 28
14133 40193 28
13989 42197 28
13672 43291 28
12838 44094 28
13437 43921 28
16969 42472 28
12812 42961 28
12209 42018 28
16231 41723 28
14920 42663 28
12914 44367 28
12302 44075 28
12807 43995 28
14330 44486 28
11277 43750 28
13627 42127 28
11720 43669 28
12250 43253 28
13778 43055 28
14532 45517 28
11505 42400 28
14732 41301 28
14242 46062 28
14312 43885 28
11342 44595 28
14896 42618 28
15861 42881 28
14941 44280 28
15865 42124 28
13298 42991 28
12511 44211 28
15108 42189 28
13058 43476 28
13309 42292 28
13911 43400 28
14036 44957 28
11008 43793 28
13745 44363 28
13766 43381 28
11975 44335 28
12707 44732 28
15826 42516 28
14242 47449 9
13990 42565 28
14823 42317 28
13562 41690 28
14782 44208 28
15069 44471 28
12556 43853 28
12893 43813 28
13707 42127 28
14655 43612 28
14991 42009 28
13431 43471 28
12924 43633 28
11343 41951 28
13674 42904 28
17293 42226 28
11039 38831 2
12492 41072 28
16236 41968 28
13824 37378 24
17516 39586 24
16923 36809 24
14593 40118 28
14683 36805 24
17578 37686 24
18855 38176 24
15721 38939 24
16293 36422 24
15663 39807 24
13864 41156 28
14891 39609 24
14193 37146 24
15903 39953 24
17830 37298 24
17794 37799 24
15970 35907 24
17010 38367 24
15778 37432 24
16515 35083 24
16414 36076 24
14535 38111 24
18387 37949 24
19215 36537 24
14089 36807 24
15643 37071 24
16539 36513 24
17000 36353 24
17057 37353 24
16056 37834 24
16086 38113 24
16962 38535 24
14022 38099 24
16676 38732 24
16495 36750 24
14777 36426 24
15634 37284 24
14782 38036 24
15693 39198 24
17384 37851 24
14906 38483 24
16090 36549 24
13682 38082 24
13373 37561 24
14929 36910 24
13455 39284 24
14958 38871 24
15922 35696 24
17164 38939 24
16708 37864 24
17502 36648 24
15530 39657 24
11914 37710 2
15481 38312 24
14645 40465 28
16151 37404 24
16747 38035 24
15630 38976 24
15141 37401 24
17104 36620 24
13473 39006 24
18529 36608 24
16734 39448 24
15306 36124 24
16048 39141 24
17877 35739 24
16193 36259 24
15343 37844 24
15763 38213 24
13698 35566 24
19528 39964 24
14571 36397 24
14823 37508 24
15605 38513 24
16362 36537 24
15322 38153 24
12555 38423 2
14611 40424 28
17053 38196 24
16333 37721 24
17174 38765 24
15122 37037 24
13837 35211 24
15558 37593 24
14938 35990 24
17201 39074 24
16367 37711 24
16897 38659 24
15494 37841 24
16690 36665 24
15223 37418 24
15724 38079 24
14074 37080 24
15159 39396 24
15122 37831 24
16284 38255 24
16008 38009 24
16946 38537 24
16208 36390 24
15180 37909 24
16087 39270 24
16200 37577 24
17428 37000 24
17702 39962 24
15264 35408 24
14522 38615 24
14940 40546 28
16854 38380 24
14592 40547 28
14648 37330 24
16115 38102 24
14056 36197 24
15945 37984 24
14273 38241 24
14968 38271 24
14094 37526 24
16079 38877 24
16432 37688 24
11298 38998 2
15347 37166 24
18713 37357 24
12765 37819 2
15543 37602 24
14784 39342 24
16996 38712 24
17769 34464 24
14948 39853 24
18403 37768 24
10693 40141 2
18281 39185 24
18128 40443 24
17065 36790 24
16074 37683 24
15184 34812 24
14791 38647 24
19135 37713 24
15071 35562 24
14238 39602 24
15356 37012 24
14941 37337 24
15401 40216 28
18826 36811 24
18195 36385 24
13931 37862 24
17319 37461 24
15404 38869 24
15739 38708 24
15481 36730 24
18564 36963 24
9436 40722 2
8542 37701 2
7430 40079 2
9579 39047 2
9096 37851 2
9463 37739 2
8224 40782 2
9667 37516 2
11622 37865 2
9529 37315 2
7967 39056 2
10436 38756 2
8260 38043 2
8808 39574 2
14290 40911 28
9675 38028 2
9319 38400 2
9076 38066 2
8151 37838 2
9709 39892 2
9515 35854 2
11591 36925 2
8711 37483 2
8024 36144 2
10692 39078 2
7915 36954 2
9078 38726 2
9195 38071 2
11032 38088 2
9906 39406 2
9458 36547 2
9184 38352 2
6412 37952 2
9610 39689 2
11934 38933 2
8508 36723 2
10052 38563 2
9327 37565 2
7121 39344 2
9770 40715 2
8056 37976 2
9431 38817 2
10034 40439 2
9154 38168 2
10896 39037 2
9614 35128 2
9345 38311 2
9816 36855 2
9969 38510 2
9796 36843 2
12878 36872 24
13513 38312 24
11666 36169 2
9569 37527 2
13164 37091 24
8339 39284 2
14024 40384 28
11278 40936 2
9928 38347 2
8701 37878 2
11235 38829 2
8419 39381 2
10523 38109 2
9598 38447 2
9675 38100 2
9615 38722 2
7549 39530 2
8358 37335 2
11844 38738 2
9151 38825 2
10430 37727 2
10513 37095 2
7506 37673 2
9795 36922 2
8512 37861 2
10012 37549 2
8290 40018 2
9835 40769 2
10092 38952 2
6605 38175 2
9844 38755 2
11441 37960 2
11627 37781 2
9467 34849 2
9219 37350 2
7804 38781 2
8418 37342 2
9970 40178 2
9074 39973 2
10651 40512 2
10175 37026 2
9145 39314 2
8986 40435 2
7646 39206 2
11257 39453 2
9543 37242 2
10024 38894 2
8227 39139 2
10549 36779 2
12545 38674 2
10116 39406 2
9403 37517 2
9525 36439 2
11196 37023 2
9827 37829 2
9522 38390 2
11616 38833 2
10805 37657 2
10224 34459 2
8725 37764 2
7031 37680 2
9676 41916 2
9934 39710 2
9686 39476 2
9501 41285 2
9063 39410 2
9163 38171 2
10952 38583 2
8894 38929 2
10238 39541 2
13433 38254 24
8954 39949 2
11172 37441 2
9213 35959 2
9379 37976 2
9468 39603 2
9049 37487 2
10357 34891 2
9576 36772 2
10941 39478 2
10958 37100 2
9275 39909 2
11583 40675 2
11476 37849 2
9537 36878 2
9485 36958 2
7124 36867 2
8965 37856 2
9340 38358 2
8361 38769 2
10724 37525 2
11357 37572 2
11120 38765 2
8944 37919 2
10829 35138 2
9125 40694 2
10439 39606 2
7821 38805 2
9035 35859 2
9350 38414 2
3946 41094 33
7437 41383 33
3878 43413 33
2514 41253 33
6180 43890 33
3182 40846 33
949 44830 33
6707 45098 33
4134 42080 33
5242 43347 33
3119 39544 33
7744 44473 33
4431 44640 33
2359 43442 33
3506 39777 33
8515 41905 33
7002 41881 33
5896 41093 33
2835 43101 33
7287 43328 33
3471 45480 33
3022 40247 33
5126 43420 33
4495 44091 33
4248 43141 33
6900 42068 33
7206 43692 33
5612 42097 33
6143 40854 33
3940 41188 33
4239 43805 33
4762 43144 33
4003 42348 33
5196 40134 33
6124 42753 33
7111 44657 33
6136 44329 33
7987 40216 2
5849 43773 33
5443 44511 33
4617 40357 33
5627 40629 33
7785 43008 33
5604 44310 33
6958 42584 33
5696 42913 33
4664 43028 33
5217 41805 33
6256 41629 33
5556 42645 33
5972 41651 33
4799 41632 33
4568 43681 33
7892 41377 33
7826 43358 33
5608 42777 33
8651 41863 33
4544 42128 33
6216 41069 33
8891 42189 33
4524 44211 33
4405 42650 33
4777 41008 33
3948 41917 33
4222 42123 33
7390 41422 33
4505 42257 33
3610 43589 33
3718 43827 33
3900 42414 33
6176 43619 33
6226 40019 33
6081 42225 33
4279 40599 33
7229 41713 33
6925 40172 33
4553 39229 33
3647 42965 33
1533 41682 33
2836 41512 33
5555 41428 33
5606 45229 33
5954 41585 33
4332 43772 33
6531 43081 33
2865 41704 33
6250 43099 33
5416 40089 33
6506 41645 33
7762 43414 33
4470 43441 33
3376 42779 33
4407 41845 33
4914 44536 33
6052 42522 33
3633 42132 33
3420 40792 33
6467 42420 33
6405 42160 33
4372 44685 33
6181 43016 33
4325 41754 33
5944 41737 33
4713 40041 33
7231 42724 33
6313 41902 33
5078 43688 33
3642 40640 33
4268 42135 33
4068 44238 33
3738 41931 33
4788 40317 33
3829 40341 33
4828 41150 33
4547 45073 33
6754 42157 33
4298 38715 33
8422 43250 33
4621 41587 33
6733 42887 33
5971 44428 33
6984 43913 33
4320 42737 33
3992 43765 33
6156 43763 33
5741 44195 33
4992 42545 33
6387 41682 33
5928 44182 33
2375 43954 33
4424 39869 33
2450 41946 33
6102 42970 33
6682 42648 33
4766 42419 33
6977 44904 33
3367 42732 33
4745 41097 33
3834 41454 33
3829 42607 33
5665 41070 33
6784 42458 33
1296 41453 33
5316 41856 33
2814 42818 33
917 42088 33
5530 43471 33
6848 42000 33
5675 43237 33
6450 42774 33
41807 34031 5
43587 34865 5
43297 36500 5
44750 34610 5
41273 37270 5
43695 33770 5
42536 34707 5
49043 34993 5
42790 36459 5
42807 34870 5
45335 36912 5
42768 34791 5
42822 36259 5
43485 34050 5
42050 30416 26
43996 34242 5
40627 35049 5
42574 34477 5
47138 36746 5
46186 35016 5
45049 33934 5
44831 33120 5
44896 37290 5
47101 33612 5
44229 32829 5
45517 33956 5
42500 37188 5
46025 33590 5
43855 34053 5
45912 35230 5
43743 32689 5
41712 37204 5
46155 36845 5
42887 35693 5
46790 34893 5
45166 35658 5
42962 36565 5
40211 36581 5
42678 35504 5
43088 32741 5
43275 36183 5
42998 32813 5
42283 35546 5
45277 35127 5
44711 34257 5
45251 36120 5
42894 32927 5
43617 33370 5
42827 35362 5
43163 31802 5
45123 33068 5
41775 34315 5
42675 36033 5
42654 36194 5
43066 34949 5
43951 32170 5
43307 34574 5
43066 35693 5
47300 34717 5
42175 32217 5
46104 33045 5
45838 33520 5
46156 35944 5
44197 37340 5
44687 34822 5
42950 34902 5
43897 34562 5
40243 36274 5
44946 34718 5
44979 37599 5
42860 32230 5
43155 34988 5
43354 36491 5
42920 34208 5
44666 37014 5
43954 34953 5
41962 33523 5
43357 34149 5
42486 35654 5
41916 34429 5
43445 34877 5
44512 34140 5
43972 38240 5
41321 33982 5
42341 34702 5
43595 35490 5
45362 30926 5
44554 36035 5
41496 34384 5
43718 35031 5
42266 34561 5
43146 37431 5
43328 32882 5
42729 32551 5
43965 33758 5
42847 34244 5
42968 34995 5
41888 34501 5
43648 35505 5
42037 35794 5
45463 34483 5
44280 33867 5
43393 34827 5
42378 35745 5
41273 35067 5
43796 32311 5
45364 33095 5
40993 35533 5
43294 37614 5
42785 33228 5
43838 32039 5
45483 36519 5
43260 34943 5
41312 35601 5
44959 35167 5
44263 33651 5
43367 35070 5
44552 34771 5
42911 31116 26
44984 37272 5
43811 33789 5
46134 35217 5
43261 38108 5
42011 35696 5
43737 32817 5
45384 36530 5
42862 34504 5
43216 34939 5
42237 34262 5
42249 35113 5
42602 35679 5
44769 34535 5
41384 37669 5
45010 33501 5
44089 34530 5
43518 34479 5
45407 34472 5
42705 33706 5
42377 34121 5
46879 36101 5
41922 36116 5
43878 31474 5
41955 35508 5
42406 35998 5
44401 33646 5
42558 33844 5
45411 33445 5
45644 35586 5
42617 35670 5
44482 33700 5
39026 28218 26
42351 28785 26
41121 27141 26
40158 31551 26
41132 28470 26
39165 29928 26
40740 30873 26
40824 28745 26
41299 29883 26
42064 28354 26
41815 29195 26
40975 29310 26
38988 31715 26
39872 30176 26
40521 28895 26
40944 28504 26
38742 30624 26
40475 29556 26
42689 29772 26
40452 29651 26
38305 29495 26
40332 27572 26
41305 28067 26
40251 30719 26
42366 27329 26
40528 29122 26
41489 28005 26
39272 29370 26
40374 31882 26
40120 29081 26
42139 29828 26
40203 29563 26
39196 30593 26
39422 28165 26
42499 26129 12
38828 29275 26
42135 30443 26
39694 27962 26
38856 30385 26
42542 27930 26
38870 26778 26
40892 27037 26
42847 28275 26
39559 27977 26
42411 27392 26
39923 29245 26
40404 28516 26
38514 26629 26
40321 29683 26
38945 27611 26
44021 29339 12
41872 31011 26
38784 29229 26
40166 27908 26
39915 28140 26
39680 29318 26
39283 30142 26
40520 28503 26
39943 28143 26
38112 29441 26
39857 27581 26
40626 29529 26
38791 28417 26
40798 29933 26
39151 28432 26
40465 28958 26
42599 31306 26
41897 31339 26
42678 29186 26
39289 31060 26
42077 29406 26
41278 31388 26
37144 28753 26
39993 27448 26
38471 29587 26
41300 27961 26
39043 30611 26
40227 29415 26
42377 28058 26
40346 29787 26
41761 28334 26
42120 28063 26
43266 29454 26
39757 27810 26
41845 30117 26
38110 28558 26
38429 28637 26
42109 30277 26
39614 30784 26
39485 28817 26
39257 30660 26
39547 30974 26
42526 28024 26
40530 31441 26
41412 31944 26
39481 28076 26
37741 27869 26
42568 29385 26
40926 29084 26
42189 30084 26
42051 26764 26
40813 29403 26
40824 31005 26
42173 29521 26
38897 27159 26
39269 28560 26
41337 27737 26
40116 28881 26
41456 27472 26
39826 29203 26
39992 26930 26
40454 29154 26
41406 26904 26
38144 29644 26
40766 29317 26
42284 30965 26
39048 27751 26
40219 25879 26
42253 29076 26
41585 31090 26
41356 30508 26
39367 27286 26
39848 27121 26
42462 30296 26
39726 28882 26
37417 28491 26
41169 29731 26
40371 30415 26
37852 29403 26
41423 32243 26
40430 29016 26
40493 28761 26
40361 28667 26
38412 28839 26
38685 30586 26
36144 28076 26
40802 28766 26
40887 27766 26
40042 26506 26
37794 29108 26
40277 29414 26
40181 28070 26
40017 29413 26
38539 29450 26
40240 30489 26
41644 29288 26
38390 31676 26
41981 29893 26
43211 28466 26
38504 28876 26
45264 28294 12
48623 28078 12
47184 27498 12
43943 25527 12
45419 26967 12
48060 26375 12
43957 26138 12
44764 25148 12
45306 25965 12
46355 25594 12
44994 26248 12
44868 26534 12
45681 27122 12
44253 26700 12
45376 27100 12
42255 25401 12
44566 25920 12
45344 25014 12
43934 23213 12
43883 25355 12
45217 27688 12
43308 28128 12
44087 25269 12
46064 26564 12
45021 25939 12
44388 24099 12
44489 27410 12
41959 24429 12
44159 24578 12
43602 26327 12
47650 27533 12
46122 24404 12
45719 27022 12
44590 24900 12
47650 28041 12
46886 25929 12
46191 26595 12
44293 27840 12
43734 25645 12
46298 23562 12
45459 28434 12
45320 22182 12
46626 24323 12
46072 25658 12
41926 26892 26
45331 23575 12
46465 25650 12
45579 27801 12
45499 26362 12
45793 25811 12
45038 26345 12
46160 24789 12
43463 22896 12
44143 26464 12
46167 25535 12
46628 27624 12
44195 24662 12
44204 24065 12
45251 26495 12
46158 27671 12
45934 27164 12
47513 26828 12
47633 25255 12
44837 25617 12
43066 23623 12
46599 26363 12
44090 24909 12
46837 27514 12
45964 25489 12
46386 26185 12
43657 27465 12
44639 26689 12
47501 26286 12
45032 27730 12
47482 26416 12
45201 26615 12
44095 25500 12
43793 27690 12
47571 24093 12
45525 24692 12
42723 24884 12
45235 25404 12
45570 27569 12
45934 30854 5
44390 23933 12
44612 24926 12
45942 24596 12
45737 26293 12
43654 23418 12
44395 27634 12
47254 25794 12
46138 25885 12
45532 24034 12
43300 24964 12
44191 24892 12
45926 25656 12
45074 25167 12
42648 25557 12
47001 24756 12
45104 26569 12
44637 26150 12
44976 25731 12
43729 24860 12
45229 26212 12
45274 27825 12
48490 25802 12
46317 28535 12
46030 27502 12
46827 26857 12
44601 26019 12
45703 26361 12
46279 26010 12
46081 26909 12
47329 25834 12
44882 28477 12
44489 24514 12
45595 26388 12
41017 25373 26
45660 25309 12
45470 25176 12
44378 25296 12
45646 25610 12
47157 25467 12
46784 26903 12
46418 27390 12
47546 28075 12
44758 28732 12
44097 25190 12
47480 26372 12
45203 24338 12
44873 27435 12
46298 23936 12
40641 23826 12
46460 25450 12
47208 28797 12
45068 24079 12
47399 27333 12
44148 27820 12
45609 26085 12
43839 27231 12
44946 27149 12
46041 30303 12
46121 26077 12
47024 26106 12
46657 26719 12
43210 26766 12
44280 26293 12
44533 25389 12
45831 25783 12
43438 27415 12
51787 23671 1
49995 22514 1
48772 22411 1
53630 24399 1
51113 21793 1
52496 22133 1
50015 24776 1
51514 25363 1
51096 24115 1
52479 26794 1
53197 23094 1
49457 24495 1
52197 25987 1
50101 25026 1
51877 23966 1
50025 21549 1
52292 25365 1
49718 23168 1
52947 26083 1
52321 24465 1
50519 22631 1
50682 22118 1
50171 22054 1
51019 22244 1
50560 24122 1
51852 24152 1
49919 23070 1
50616 24101 1
50684 24842 1
47160 23698 12
53212 23495 1
52510 20390 1
49778 23124 1
52019 23952 1
49389 24842 1
49949 21916 1
50014 23098 1
50211 23478 1
50918 23104 1
53367 24210 1
49391 22360 1
51581 23287 1
50477 23695 1
50960 23018 1
50780 24580 1
50999 23899 1
51414 23118 1
48643 23965 1
52579 24417 1
51658 25451 1
50888 23063 1
50046 21588 1
51888 22731 1
52104 23750 1
50677 23682 1
52694 23299 1
51663 20962 1
49764 23889 1
52678 23746 1
51075 21644 1
49301 23457 1
50848 23971 1
51331 24943 1
49522 20784 1
49664 22114 1
50222 24449 1
50221 23718 1
49740 22969 1
48716 20467 1
52318 24224 1
47381 23970 12
49053 22676 1
50800 21631 1
51346 23836 1
50218 21004 1
52589 24945 1
49633 24689 1
51165 25550 1
49675 24156 1
50026 21400 1
51810 23101 1
51919 22546 1
52175 23201 1
51164 22294 1
49362 21865 1
50870 25344 1
52308 24602 1
49928 22564 1
52632 25080 1
51456 22445 1
51916 22386 1
51971 24444 1
48583 21031 1
51922 21107 1
48524 23884 1
49814 22763 1
50506 23820 1
52146 25273 1
50725 21930 1
51279 23923 1
52550 23317 1
52380 26082 1
50448 22046 1
50041 22282 1
49919 24890 1
50603 23602 1
51506 23188 1
50403 22078 1
50424 25293 1
51388 24532 1
49860 22221 1
49242 21489 1
49854 23391 1
52002 23259 1
51939 22120 1
51345 25440 1
49944 24275 1
52431 21894 1
54159 24796 1
50948 23508 1
48309 23276 1
50403 24050 1
48881 24228 1
53950 22439 1
50569 22827 1
53855 24107 1
50799 22242 1
49354 22107 1
51898 24229 1
50872 26978 1
50677 23304 1
52107 21150 1
51245 20654 1
51292 22995 1
48978 24664 1
52570 23284 1
50726 25740 1
52041 22283 1
50918 23858 1
51796 24982 1
52464 24331 1
51470 22451 1
49219 24702 1
50287 21383 1
51445 24321 1
49864 21681 1
50578 23572 1
50691 23291 1
51907 20743 1
48578 22616 1
59877 29271 16
60534 29342 16
57886 27256 16
62111 29684 16
62728 24002 16
61075 27191 16
60608 27844 16
61565 26571 16
61687 29995 16
59021 29605 16
60888 28676 16
58713 28127 16
60556 26861 16
61794 29203 16
58678 28250 16
58646 27186 16
58462 28535 16
59878 26706 16
58614 28773 16
61099 29083 16
60160 29029 16
60182 27285 16
61712 27968 16
60523 27329 16
62157 29329 16
59697 27485 16
61553 26657 16
59155 27035 16
59949 26516 16
61436 30223 16
60156 25507 16
58304 25665 16
62019 27673 16
62431 27902 16
60226 25204 16
60502 25482 16
60779 27398 16
61484 26946 16
60373 28807 16
60069 28119 16
58394 30435 16
61695 27685 16
58176 26916 16
59876 27838 16
60167 27920 16
60221 27253 16
60260 29732 16
60650 28202 16
60210 27232 16
59684 25949 16
59677 25725 16
62692 29282 16
60654 28987 16
60524 26488 16
59615 26767 16
60288 26488 16
60073 25250 16
61444 25396 16
61509 23903 16
60989 28086 16
60159 29394 16
59172 28367 16
59748 29320 16
62217 28104 16
59427 28300 16
62151 28398 16
62188 26031 16
62833 25956 16
59809 27410 16
60397 28213 16
58534 26184 16
59301 26122 16
56808 26583 16
62215 29064 16
60988 26605 16
60641 26727 16
61486 29504 16
59677 27883 16
58700 27188 16
58691 24064 16
61632 24699 16
59589 25812 16
59674 24878 16
59622 29371 16
61671 29284 16
58029 28824 16
60114 27116 16
61035 29372 16
61564 25344 16
62080 27847 16
58448 28721 16
58949 27611 16
60601 27545 16
58351 26436 16
59480 28335 16
60748 25040 16
59391 27516 16
60778 26913 16
59701 25977 16
57554 26401 16
59182 27675 16
58462 27771 16
57737 28296 16
59791 26185 16
62531 25554 16
59190 27293 16
61698 26297 16
60820 27777 16
59834 28141 16
59569 28899 16
60056 28356 16
60455 26330 16
60205 28420 16
61001 29349 16
60164 25893 16
61306 29016 16
58260 28670 16
60065 27081 16
62591 26993 16
60794 27054 16
61901 27525 16
58319 26289 16
58063 28774 16
58273 29493 16
57624 29524 16
58994 25222 16
61370 27526 16
59958 28116 16
59325 27351 16
62761 29305 16
60059 28732 16
60220 27221 16
58990 27909 16
58964 28414 16
61778 28715 16
65535 27368 16
59101 28561 16
61007 30785 16
61995 27990 16
59294 27869 16
60738 28559 16
59146 28118 16
61376 28001 16
63214 28408 16
60284 23186 16
61396 27293 16
58190 26242 16
61326 29668 16
57376 26748 16
57627 27881 16
8960 29349 32
9566 30666 32
10002 29085 32
9051 28004 32
8262 29745 32
9612 30786 32
8479 29223 32
9685 31428 32
10844 29711 32
10599 28555 32
9774 29756 32
8628 26811 32
10022 30615 32
9438 29445 32
12814 27360 32
9850 30329 32
10836 28222 32
10426 29327 32
10304 29461 32
8230 28746 32
9721 30334 32
10873 28150 32
10377 30144 32
10892 28209 32
8524 30378 32
9101 28654 32
10128 29483 32
9649 28593 32
9366 29374 32
11057 29736 32
6460 30262 32
10367 26772 32
10457 30519 32
9051 27155 32
9577 28211 32
10954 30528 32
7652 30430 32
11097 29135 32
10065 27809 32
10488 28096 32
10163 29088 32
9675 29409 32
9987 29425 32
11268 29313 32
8267 28916 32
11099 27767 32
10543 34688 2
8560 29508 32
8483 28006 32
9342 32032 32
10301 30834 32
8480 30088 32
9142 29191 32
11412 27075 32
9995 28615 32
11058 29568 32
8317 31050 32
9311 30445 32
11500 30524 32
9591 28597 32
10591 29903 32
11187 30503 32
8467 28664 32
11283 29638 32
7020 28995 32
8104 26404 32
10946 30147 32
7667 30002 32
10550 28898 32
9696 32346 32
8165 30977 32
9585 28557 32
8346 29467 32
10422 29686 32
8217 29682 32
8290 29024 32
12126 29771 32
8716 29425 32
10346 29067 32
11613 29116 32
7007 29910 32
10072 28021 32
7254 30094 32
10074 29253 32
8706 29930 32
9237 27750 32
8359 29600 32
10861 32228 32
10363 32174 32
8836 31964 32
10442 27678 32
7558 29800 32
11770 30653 32
8838 30068 32
10369 30502 32
7590 27942 32
8274 26149 32
8923 29340 32
8393 29895 32
10601 31163 32
8803 32264 32
12655 27718 32
10868 29933 32
9819 30044 32
9897 28490 32
11568 27393 32
8978 28090 32
10446 28824 32
7462 27246 32
7998 28410 32
10944 27649 32
10735 29743 32
9027 31248 32
8945 28558 32
8265 28431 32
11315 30312 32
8314 31119 32
10579 29179 32
8989 31605 32
11292 30455 32
8625 28312 32
12609 32080 32
10226 31264 32
8944 30572 32
8869 27868 32
7308 31268 32
7988 27975 32
11824 26962 32
10172 30032 32
8125 30728 32
9465 31115 32
8975 26886 32
11220 31547 32
10099 31697 32
10857 29911 32
9789 28979 32
7036 29421 32
7446 27665 32
9451 30100 32
10988 32416 32
9807 30515 32
8516 30120 32
9130 31558 32
9830 30837 32
9281 28697 32
10466 28984 32
12050 28590 32
9784 30841 32
6906 28815 32
10895 28171 32
4764 24290 31
3241 23730 23
3373 24827 23
894 24681 23
5567 22531 31
3190 24760 23
7017 21009 31
3603 25332 23
3771 25719 23
3246 21924 23
3589 21932 23
2371 24287 23
2269 24231 23
3097 21394 23
4978 22611 31
4753 24184 31
2347 25347 23
5413 26551 31
2296 25155 23
1452 22110 23
4978 22896 31
5425 24065 31
4778 23740 31
3774 24675 23
3039 25257 23
5649 26576 31
3596 21992 23
4156 22920 23
3278 21246 23
4552 22408 31
2194 26885 23
5686 22890 31
2037 21949 23
3631 23516 23
4730 23180 31
5601 24537 31
3687 21377 23
4265 23831 23
3644 24519 23
2667 23560 23
3291 25152 23
2854 24170 23
1167 23762 23
3712 24214 23
4232 23085 23
5526 23496 31
3577 23685 23
6020 22796 31
2429 22288 23
4592 25831 31
3179 26296 23
4111 24633 23
3531 23895 23
4225 25618 23
4418 24219 31
3397 27161 23
4344 24918 31
3747 24153 23
4791 24237 31
4630 22233 31
4544 24654 31
3175 27253 23
4826 21979 31
6448 25421 31
5051 24176 31
3685 25028 23
5257 25146 31
5188 23943 31
2974 23340 23
3461 25676 23
1727 23577 23
5621 21827 31
4331 23561 31
5953 22827 31
4668 22734 31
5590 23060 31
3360 23060 23
6510 25712 31
5676 24532 31
770 23191 23
4592 23051 31
4861 24236 31
3514 25310 23
3089 21290 23
4258 24714 23
3646 23490 23
7582 25212 31
3982 23484 23
4856 24447 31
3617 22527 23
4091 22789 23
3974 24513 23
4054 23542 23
2897 24856 23
5202 24235 31
2867 22959 23
5356 26103 31
3230 23352 23
4643 22467 31
3355 24709 23
3978 23217 23
4221 24386 23
5028 21796 31
5698 22952 31
4028 25469 23
3024 24933 23
3195 24800 23
7090 24381 31
5925 25794 31
4354 25646 31
1008 22117 23
4151 22785 23
2920 22687 23
7553 24971 31
4516 26078 31
4101 23164 23
2235 24350 23
3032 23908 23
3808 24582 23
5922 25819 31
4148 26157 23
5098 22244 31
4495 23648 31
2938 23521 23
6536 24638 31
4418 25248 31
2873 23152 23
3793 22958 23
7647 23763 31
4557 24618 31
3681 23850 23
3799 23636 23
4207 22595 23
3553 24802 23
3240 23761 23
2354 23500 23
4207 22555 23
5851 23938 31
3722 21956 23
4664 23899 31
4530 25789 31
1983 23016 23
1948 22376 23
4920 23782 31
4538 25811 31
3997 26069 23
5829 26891 31
5009 20973 31
2584 24784 23
0 22078 23
17962 26023 11
17126 25276 11
17268 25815 11
16518 24663 11
18746 24782 11
20241 28422 11
15014 25174 11
17977 24325 11
17647 24929 11
17299 24104 11
16709 25322 11
15167 24077 11
20776 27422 11
19057 25994 11
16868 24828 11
16902 26513 11
16884 24236 11
16056 24256 11
18527 23685 11
16479 25135 11
18955 26069 11
15706 24699 11
17506 27041 11
18164 25800 11
17332 24338 11
18137 26037 11
17705 24308 11
14917 26140 11
16066 26861 11
17312 27007 11
19659 21415 11
18716 25385 11
17525 23155 11
21290 25636 11
17489 24124 11
19502 22790 11
18383 25446 11
15486 26648 11
16777 25359 11
16886 25079 11
17710 24681 11
16207 23075 11
19411 24955 11
17736 25896 11
17496 26318 11
16915 24747 11
19247 23951 11
17775 24593 11
17511 24471 11
17602 26541 11
14485 27466 11
15979 26274 11
20381 22782 11
17980 25260 11
19851 26231 11
15404 24870 11
18213 24827 11
17329 24473 11
17367 26152 11
17206 26700 11
17030 26307 11
17740 28367 11
17487 25975 11
19162 25294 11
18158 24906 11
20294 24226 11
18340 27647 11
15102 25414 11
15326 24570 11
14839 25260 11
19789 25147 11
18949 24091 11
15641 23648 11
16305 23842 11
16955 22616 11
17410 25227 11
18566 25703 11
15411 26176 11
19299 28112 11
14085 28166 11
17928 25576 11
16142 23942 11
17943 24764 11
19957 21532 11
16133 27168 11
18832 27497 11
17561 24800 11
16654 24888 11
16185 25163 11
16981 25791 11
16855 26632 11
14423 25801 11
16161 25461 11
19151 23781 11
17294 24801 11
19172 25370 11
17672 28124 11
18649 25043 11
18240 26864 11
16846 26128 11
15718 25497 11
16056 24384 11
16766 25036 11
17488 25743 11
17343 27032 11
16669 24102 11
18144 26739 11
18249 24324 11
16889 25891 11
14743 24907 11
17790 23197 11
20360 23621 11
17582 24517 11
16781 25568 11
18430 25763 11
15085 26535 11
18069 21652 11
16500 22665 11
17531 25805 11
20728 24622 11
16134 24570 11
17636 23726 11
19271 25591 11
17367 24594 11
17680 26246 11
17360 25859 11
14238 27140 11
19237 25170 11
18354 24744 11
17646 24411 11
19545 25494 11
15182 26610 11
17218 25332 11
17914 24885 11
16974 24082 11
17269 25349 11
18398 25148 11
19493 24887 11
20822 27150 11
18824 29245 11
17987 26518 11
16893 25122 11
18763 24448 11
16837 26072 11
17430 24985 11
17456 26189 11
18407 26152 11
17030 24430 11
20007 27200 11
16053 26575 11
26312 31227 25
25017 26287 25
27476 28969 25
25713 26756 25
25885 27968 25
25029 28125 25
22528 30210 25
26796 28401 25
23635 26488 25
24866 26593 25
25012 26290 25
25349 24873 25
26731 27876 25
24533 28927 25
25132 26510 25
27969 30464 25
26103 25297 25
28111 28535 25
27950 29629 25
24092 29194 25
24967 28447 25
27160 30533 25
26451 28536 25
26889 28722 25
24989 24825 25
27917 28836 25
25397 28293 25
27258 28125 25
24499 27664 25
25704 29764 25
25373 29582 25
24965 27267 25
26432 28944 25
25535 27830 25
25995 27802 25
22697 28753 25
26218 27464 25
25294 27480 25
22749 27675 25
27038 28832 25
24270 28931 25
27183 26224 25
26319 25532 25
24785 29494 25
27819 25056 25
25839 27562 25
24791 27600 25
25244 26468 25
25310 26748 25
25702 27426 25
24628 28482 25
27038 28556 25
23988 24918 25
24779 29722 25
27422 29136 25
24789 30062 25
25400 28415 25
24134 29482 25
25691 28379 25
24315 29067 25
24924 30282 25
26147 28155 25
25778 26123 25
28193 29350 25
24890 29543 25
25790 27154 25
24950 26484 25
27946 28999 25
23827 25432 25
24016 28500 25
28122 28920 25
25020 26735 25
26426 27831 25
25387 28090 25
26838 28835 25
27371 26519 25
24919 31669 25
23227 27473 25
25220 25827 25
28262 29679 25
27058 29986 25
26435 28758 25
25847 26408 25
26059 28450 25
26138 26992 25
25810 25928 25
27287 31400 25
24755 27907 25
25277 25951 25
24858 28055 25
25256 26518 25
24534 28398 25
26456 27662 25
27040 28031 25
26193 25178 25
24140 27726 25
26314 27919 25
26291 28313 25
23954 25437 25
23730 26572 25
24916 28314 25
25045 25929 25
24101 28711 25
24786 29832 25
25996 27760 25
24467 28864 25
24683 28165 25
24735 27265 25
27364 31768 25
26836 29055 25
25966 28288 25
25759 29479 25
24988 29977 25
25742 29312 25
23940 27505 25
24699 28271 25
23606 27982 25
27871 27737 25
23830 27380 25
26408 29438 25
24547 28559 25
26846 28612 25
28802 26573 25
26715 28782 25
26741 26922 25
26395 28804 25
24694 26367 25
22649 28486 25
26067 25246 25
25916 28365 25
25166 27443 25
23726 29498 25
25172 27945 25
21559 27870 25
25497 30730 25
24690 28433 25
23993 26897 25
24389 26848 25
27793 30409 25
25670 29585 25
25315 29353 25
24794 28701 25
23891 26055 25
24756 28198 25
24358 27633 25
26686 28492 25
24992 27565 25
23645 27378 25
24862 29010 25
29049 28114 25
