30396.2 60218.2 0
50965.6 23385.3 1
9648.9 38302.1 2
35449.3 36581.4 3
26449.3 56246.3 4
43683.6 34812.3 5
56084.3 35245.8 6
16833.6 53826.4 7
44094.9 45708.3 8
10283.5 50116.1 9
47111.8 59097.1 10
17530.4 25319.5 11
45354.6 26049.4 12
35779.1 49839.7 13
30505.4 45024 14
19644.3 60364.2 15
60241 27570.4 16
59949.8 48796.1 17
54004.3 42345.9 18
23204 44859.2 19
43207.5 54928.7 20
50940.5 48718.5 21
35958.4 58005.6 22
3253.51 23941.3 23
16074 37355.7 24
25553.4 28055.6 25
40405.2 29101.1 26
37471.3 43790.9 27
14172.3 42592.1 28
4739.81 54001.2 29
10474 59840.5 30
5389.16 23960.5 31
9635.12 29483.7 32
5162.76 42433.6 33
57934.3 58841.4 34
